0	0
0	1
1	2
1	3
1	4
2	5
2	3
2	6
3	7
3	8
3	9
4	10
4	11
4	12
5	13
5	14
5	15
5	16
5	17
6	18
6	19
6	20
7	21
7	22
8	23
8	24
9	25
9	26
9	27
9	28
10	29
10	30
11	31
11	32
12	33
12	34
13	34
13	33
13	35
13	36
14	36
14	33
14	34
15	37
15	38
15	39
15	40
15	41
16	41
16	40
17	42
17	43
17	44
17	45
18	42
18	43
18	44
18	46
18	45
18	47
19	48
19	49
19	50
20	51
20	52
20	53
20	54
21	54
21	53
21	50
21	52
21	49
21	51
21	48
22	55
22	56
22	57
22	58
22	59
22	60
23	61
23	62
24	63
24	64
24	65
25	63
25	64
26	66
26	67
27	67
27	68
27	66
28	69
28	70
29	71
29	72
29	73
29	74
30	71
30	73
31	72
31	75
31	76
32	72
32	75
32	77
33	77
33	73
34	78
34	79
34	80
34	81
34	82
34	83
35	79
35	81
35	82
36	78
36	80
37	83
37	82
37	84
37	81
37	80
37	79
37	78
38	85
38	86
39	87
39	88
39	89
39	90
39	91
39	92
40	92
40	91
40	90
40	88
41	93
41	94
41	95
42	96
42	97
43	98
43	99
44	100
44	101
44	102
45	98
45	99
46	103
46	104
46	105
47	103
47	104
47	106
47	105
48	107
48	108
48	109
48	110
48	111
49	112
49	113
49	114
50	115
50	116
51	117
51	118
52	119
52	120
52	121
52	122
52	123
52	124
52	125
52	126
52	127
52	128
53	128
53	127
53	126
53	125
53	121
53	119
54	123
54	120
55	124
55	123
56	129
56	130
56	131
56	132
56	133
56	134
56	135
57	134
57	132
57	131
57	130
58	134
58	132
59	136
59	137
59	138
59	139
59	140
60	137
60	138
61	141
61	142
61	143
62	144
62	145
62	146
63	144
63	145
64	147
64	148
64	149
64	150
65	148
65	150
66	151
66	152
67	153
67	154
67	155
68	154
68	155
69	156
69	157
69	158
69	159
69	160
70	161
70	162
71	163
71	164
72	163
72	164
72	165
73	166
73	167
74	168
74	169
75	170
75	171
76	168
76	172
76	169
77	173
77	174
77	175
77	176
77	177
77	178
77	179
77	180
77	181
77	182
78	181
78	179
78	177
78	173
79	183
79	184
79	185
80	186
80	187
81	188
81	187
81	186
82	189
82	190
83	191
83	192
84	190
84	189
84	193
84	194
84	192
84	195
84	196
84	191
85	197
85	198
86	199
86	200
86	201
87	202
87	203
88	204
88	203
88	205
88	202
89	206
89	207
89	208
89	209
90	210
90	211
91	212
91	213
92	214
92	215
93	216
93	217
94	214
94	215
95	218
95	219
95	220
96	221
96	222
96	223
97	224
97	225
98	226
98	227
98	228
99	229
99	230
99	231
100	232
100	233
101	234
101	235
102	236
102	237
102	238
102	239
103	240
103	241
103	242
104	243
104	244
105	245
105	246
105	247
106	245
106	246
106	247
107	248
107	249
107	250
107	251
107	252
108	249
108	250
108	251
109	253
109	254
109	255
109	256
109	257
109	258
109	259
109	260
109	261
110	258
110	257
110	256
110	255
110	254
110	253
111	262
111	263
112	264
112	265
112	266
112	267
112	268
113	269
113	270
114	265
114	268
115	271
115	272
115	273
115	274
115	275
115	276
115	277
115	278
116	278
116	274
116	273
117	272
117	271
118	277
118	275
118	274
119	279
119	280
120	281
120	282
121	283
121	284
122	285
122	286
122	287
123	288
123	289
124	288
124	289
125	290
125	291
126	291
126	290
126	292
126	289
126	293
126	294
126	295
126	288
127	296
127	297
128	298
128	299
129	300
129	301
130	300
130	301
131	302
131	303
132	302
132	304
132	305
132	306
132	307
132	303
133	308
133	309
134	310
134	311
134	312
135	313
135	314
136	315
136	314
136	312
136	311
136	316
136	317
136	313
136	318
136	310
137	319
137	320
137	321
137	322
137	323
137	324
137	325
137	326
137	327
138	326
138	325
138	323
139	324
139	322
140	326
140	323
141	328
141	329
141	330
141	331
142	332
142	333
143	332
143	333
144	328
144	329
144	330
144	331
144	334
144	335
145	336
145	337
146	338
146	339
146	340
147	338
147	341
147	342
147	343
147	340
148	344
148	345
148	346
149	347
149	348
150	349
150	350
151	351
151	352
151	353
151	354
151	355
151	356
152	357
152	358
152	359
152	360
153	361
153	362
153	363
154	364
154	365
154	366
154	367
154	368
154	369
154	370
154	371
155	372
155	373
156	374
156	375
157	376
157	377
157	378
158	378
158	377
158	376
159	379
159	380
159	381
159	382
160	383
160	177
160	384
160	385
161	385
161	384
161	382
161	386
161	177
161	381
161	380
161	379
161	383
162	387
162	388
163	389
163	390
163	391
163	392
163	393
164	394
164	395
165	396
165	395
165	397
165	394
165	398
166	394
166	395
167	399
167	400
167	401
168	402
168	403
169	404
169	405
169	406
169	407
169	408
169	409
170	407
170	406
171	409
171	405
171	404
172	410
172	411
173	410
173	411
173	412
173	413
174	414
174	415
174	416
174	417
174	418
174	419
174	420
175	420
175	419
175	417
175	416
175	415
176	421
176	422
176	423
176	424
177	425
177	426
178	424
178	426
178	423
178	422
178	425
178	421
179	427
179	428
180	428
180	429
180	427
180	430
180	431
180	432
180	433
181	434
181	435
182	436
182	437
182	438
183	439
183	440
183	441
184	442
184	443
185	444
185	445
186	446
186	447
187	448
187	449
188	450
188	451
188	452
188	453
189	454
189	455
190	456
190	457
191	458
191	459
191	460
192	456
192	461
192	457
192	462
192	463
193	461
193	463
194	464
194	465
194	466
194	467
194	468
195	469
195	470
196	469
196	471
197	472
197	473
197	474
197	475
198	476
198	477
199	478
199	479
200	480
200	481
200	482
201	483
201	484
202	485
202	486
203	487
203	485
203	486
204	488
204	489
205	490
205	491
205	492
205	493
205	494
205	495
205	496
206	497
206	498
207	499
207	500
208	501
208	502
208	503
209	504
209	505
210	506
210	507
210	508
210	509
211	509
211	508
211	507
211	506
212	510
212	511
213	512
213	513
214	514
214	515
214	516
214	517
214	518
215	519
215	514
215	520
215	515
215	516
215	517
215	518
216	514
216	516
216	517
216	518
217	205
217	521
218	522
218	523
219	524
219	525
219	522
220	523
220	526
221	527
221	528
221	529
221	530
222	531
222	532
222	533
222	534
222	535
222	536
223	537
223	531
223	532
223	533
223	538
223	534
223	535
223	536
224	539
224	540
224	541
224	542
224	543
224	544
225	545
225	546
226	547
226	548
226	545
226	549
226	550
226	546
227	551
227	552
228	553
228	554
229	555
229	556
229	557
229	558
229	559
230	560
230	561
230	562
231	563
231	564
232	562
232	564
232	561
232	563
232	560
232	565
233	566
233	567
233	568
233	569
233	570
233	571
233	572
234	573
234	574
235	567
235	568
235	569
235	572
236	575
236	576
236	577
236	578
237	575
237	576
237	577
237	579
238	580
238	581
239	582
239	583
240	584
240	585
241	586
241	587
241	588
241	589
242	590
242	591
243	592
243	593
244	593
244	594
244	591
244	595
244	592
244	590
245	596
245	597
245	598
246	599
246	600
246	601
247	602
247	601
247	600
247	599
247	603
247	604
248	605
248	606
249	607
249	608
250	609
250	610
250	611
250	612
250	613
250	614
250	615
250	616
250	617
250	618
251	618
251	615
251	614
251	613
252	611
252	609
253	619
253	620
254	621
254	622
255	623
255	624
256	625
256	626
257	627
257	628
258	629
258	630
259	631
259	632
260	633
260	634
260	635
261	636
261	637
261	638
261	639
262	636
262	637
262	638
262	639
263	640
263	641
263	642
263	643
264	644
264	645
264	646
265	647
265	648
265	649
265	650
266	650
266	647
267	651
267	652
267	653
267	654
267	655
267	656
267	657
267	658
267	659
268	660
268	661
269	662
269	663
269	664
270	665
270	666
271	667
271	668
271	669
271	670
271	671
271	672
271	178
271	673
272	667
272	668
272	669
272	670
272	671
272	672
272	673
273	674
273	675
274	676
274	677
275	678
275	679
275	680
276	681
276	508
276	682
276	683
276	684
277	685
277	686
278	681
278	508
278	682
278	683
279	687
279	688
279	689
279	690
279	691
280	692
280	693
281	694
281	695
282	696
282	694
283	696
283	693
284	692
284	696
284	693
285	697
285	698
286	699
286	700
287	699
287	700
288	701
288	702
288	703
288	704
288	705
289	706
289	707
290	708
290	709
291	710
291	711
291	712
292	713
292	714
292	715
293	716
293	717
294	718
294	719
295	720
295	721
295	722
295	723
296	724
296	725
296	726
296	723
296	722
296	721
296	720
297	726
297	725
297	724
298	727
298	728
299	729
299	730
299	731
299	732
300	730
300	731
301	732
301	728
301	727
301	731
301	730
301	729
302	733
302	734
303	735
303	736
303	737
304	734
304	737
304	736
304	735
304	733
305	738
305	739
306	739
306	738
306	740
306	741
306	742
306	743
306	744
307	744
307	743
307	742
307	740
308	743
308	742
309	745
309	746
310	747
310	748
310	449
310	749
311	747
311	750
311	748
311	751
312	749
312	449
312	751
312	748
312	750
312	747
313	752
313	753
313	754
313	755
313	756
313	757
314	757
314	754
315	755
315	753
315	752
316	758
316	759
316	760
316	761
316	762
316	763
317	764
317	765
318	766
318	767
318	768
319	769
319	770
320	771
320	772
320	773
321	774
321	775
321	776
321	777
321	778
322	779
322	780
322	781
323	779
323	780
323	781
324	778
324	777
324	776
324	781
324	782
324	780
324	779
324	775
324	783
324	774
325	774
325	776
325	777
325	778
326	784
326	785
326	786
327	786
327	787
327	785
327	784
327	788
327	789
327	790
328	790
328	787
329	789
329	788
330	791
330	792
330	793
330	794
331	795
331	796
332	797
332	796
332	795
333	798
333	799
334	798
334	799
335	800
335	801
335	802
335	803
335	804
336	803
336	801
337	804
337	802
338	805
338	806
338	807
338	808
338	809
338	810
338	811
339	812
339	813
340	812
340	814
340	813
340	815
341	816
341	817
341	818
342	819
342	820
342	821
342	822
342	823
342	824
342	825
343	825
343	823
343	822
344	826
344	827
344	828
345	829
345	830
345	831
346	827
346	828
347	832
347	833
347	834
348	832
348	833
348	834
348	835
348	836
349	833
349	835
349	836
350	837
350	838
350	839
351	840
351	841
352	842
352	843
353	844
353	845
353	846
354	847
354	848
355	849
355	850
355	851
355	852
355	853
355	854
355	855
356	852
356	851
356	849
357	856
357	857
358	858
358	859
358	860
359	861
359	862
360	863
360	864
361	865
361	866
362	867
362	868
362	869
363	870
363	871
364	872
364	508
364	681
364	873
365	874
365	875
365	876
365	877
365	878
365	879
365	880
365	881
365	882
365	883
366	883
366	882
366	880
366	879
366	876
366	875
366	874
367	884
367	885
368	886
368	887
369	888
369	889
369	890
369	891
369	289
369	892
370	890
370	891
370	289
371	893
371	894
371	895
371	896
372	897
372	898
373	899
373	900
373	901
374	902
374	903
375	904
375	905
375	906
375	907
376	908
376	909
376	910
377	911
377	912
378	913
378	914
378	915
378	916
378	917
379	918
379	919
380	920
380	921
380	922
380	923
380	924
381	925
381	926
381	927
382	928
382	929
382	930
382	931
382	932
382	933
382	934
382	935
383	934
383	933
383	932
383	928
384	936
384	937
384	938
384	939
384	940
384	941
384	942
385	943
385	944
386	945
386	946
387	947
387	948
388	947
388	948
389	949
389	950
389	951
389	952
389	953
389	954
389	955
390	956
390	957
390	958
390	959
391	960
391	961
391	962
391	963
391	964
391	965
391	966
392	964
392	960
393	967
393	968
393	969
393	970
393	971
393	972
393	973
394	973
394	970
394	969
394	967
395	974
395	975
396	976
396	977
396	978
396	979
397	980
397	981
397	982
397	983
398	984
398	985
399	986
399	987
400	988
400	989
400	990
400	991
400	992
401	993
401	994
401	995
401	996
402	992
402	997
402	991
402	996
402	990
402	995
402	989
402	994
402	993
402	988
403	998
403	999
404	1000
404	1001
404	1002
404	1003
405	1003
405	1002
405	1001
405	1000
405	1004
405	1005
406	1006
406	1007
406	1008
407	1009
407	1010
408	1009
408	1006
408	1007
408	1011
408	1008
408	1010
409	1012
409	1013
410	1006
410	1014
410	1007
410	1008
411	1015
411	1016
412	1017
412	1018
413	1019
413	1020
413	1021
414	1022
414	1023
415	1024
415	1025
416	1026
416	1027
417	1028
417	1029
418	1030
418	1029
418	1025
418	1024
418	1028
418	1027
418	1031
418	1026
418	1032
418	1033
419	1034
419	1035
419	1036
419	1037
419	1038
419	1039
419	1040
419	1041
419	1042
420	1034
420	1041
420	1042
421	1043
421	1044
421	1045
421	1046
421	1047
421	1048
421	1049
421	1050
421	1051
422	1051
422	1048
422	1045
423	1046
423	1043
424	1052
424	1053
424	1054
424	671
424	1055
424	1056
424	1057
425	1055
425	671
425	1053
426	1057
426	1056
426	671
427	1055
427	1053
427	1052
428	1058
428	1059
428	1060
429	1061
429	1062
430	1063
430	1064
431	1065
431	1066
432	1067
432	1068
432	1069
432	1070
433	1071
433	1067
434	1072
434	1073
435	1074
435	1075
435	1076
435	1077
435	1078
435	1079
436	1080
436	1081
436	1082
436	1083
437	1084
437	1085
437	1086
438	1087
438	1088
439	1080
439	1082
439	1083
440	1089
440	1090
440	1091
440	1092
441	1092
441	1091
441	1090
442	1093
442	1094
442	1095
442	1096
442	1097
442	1098
443	1099
443	1100
444	1101
444	1102
445	1101
445	1102
446	1103
446	1104
447	1105
447	1106
447	1107
448	1108
448	1109
449	1108
449	1109
449	1110
450	1111
450	1112
451	1113
451	1114
452	1115
452	1116
452	1117
452	1118
452	1119
452	1120
452	1121
453	1118
453	1116
454	1121
454	1120
454	1118
454	1116
454	1115
455	1122
455	1123
456	1124
456	1125
456	1126
456	1127
457	1128
457	1129
458	1130
458	1131
458	1132
458	1133
458	1134
458	1135
458	348
459	348
459	1135
459	1134
459	1133
459	1132
459	1131
459	1130
459	1136
460	1137
460	1138
461	1139
461	1140
462	1141
462	1142
463	1143
463	1144
464	1145
464	1146
464	1147
464	1148
464	1149
464	1150
464	1151
464	1152
464	1153
464	1154
465	1155
465	1156
465	1157
466	1156
466	1157
467	1157
467	1158
467	1156
467	1155
468	1159
468	1160
469	1161
469	1162
469	1163
470	1164
470	1165
471	1166
471	1167
471	1168
472	1169
472	1170
473	1171
473	1172
473	703
474	1173
474	1174
475	1171
475	1172
476	1173
476	1174
477	1175
477	1171
477	1172
477	1176
477	1177
477	703
478	1178
478	1179
479	1180
479	1179
479	1181
479	1182
479	1183
479	1184
479	1185
479	1186
479	1178
479	1187
480	1187
480	1185
480	1184
480	1180
481	1178
481	1179
482	1185
482	1184
482	1183
482	1182
483	1188
483	1189
483	1190
484	1191
484	1192
484	1193
485	1194
485	1195
486	1193
486	1190
486	1196
486	1189
486	1188
486	1192
486	1195
486	1191
486	1194
486	622
487	1197
487	1198
488	1199
488	1200
488	1201
488	1202
488	1203
489	1204
489	1002
489	1205
490	1204
490	1206
490	1207
491	1208
491	1209
492	1210
492	1211
493	1210
493	1211
494	1212
494	1213
495	1214
495	1215
496	1216
496	1217
497	1218
497	1219
497	1220
498	1218
498	1221
498	1219
498	1220
498	1222
499	1223
499	1224
499	1225
499	1226
499	1227
499	1228
499	1229
499	548
500	1228
500	1227
500	1225
500	1224
500	1223
501	1230
501	1231
502	1232
502	1233
503	1234
503	1235
503	805
504	1235
504	805
505	1236
505	1237
506	1238
506	1239
506	1172
506	1236
506	1237
507	1240
507	1241
507	1242
508	1243
508	1244
509	1245
509	1246
509	1247
510	1248
510	1249
511	1250
511	1251
511	1252
512	1253
512	1254
512	1252
513	1255
513	1256
513	1257
514	863
514	1258
515	1259
515	1260
515	1261
515	1262
515	1263
516	1264
516	1265
517	1266
517	1267
518	1266
518	1268
519	1269
519	1270
520	1271
520	1052
520	1272
520	1273
520	1274
521	1271
521	1052
521	1272
521	1273
522	1275
522	1276
523	854
523	1277
524	1278
524	1279
525	1280
525	1106
526	1281
526	1282
526	1283
526	1284
526	1285
526	1286
527	1287
527	1288
528	1289
528	1290
529	1287
529	1291
529	1292
529	1289
529	1293
529	1294
530	1295
530	1296
530	1297
531	1298
531	1299
532	1300
532	1301
533	1302
533	1303
533	1304
534	1305
534	1306
534	1307
535	1308
535	1309
536	1310
536	1311
536	1312
537	1313
537	1314
538	1315
538	1312
538	1314
538	1311
538	1310
538	1313
539	1316
539	1317
540	1316
540	1317
541	1318
541	1319
541	1320
541	1321
541	1322
542	1323
542	1324
543	1325
543	1326
544	1327
544	1328
544	1329
544	1330
545	1331
545	1332
545	1333
546	1334
546	1335
547	1336
547	1337
547	1338
547	1339
547	1340
547	1341
548	1176
548	1342
549	1343
549	1344
550	1345
550	1346
551	1347
551	1346
551	1348
552	1349
552	1350
553	1350
553	1349
553	1351
553	1352
554	1353
554	1354
554	1355
554	1356
554	1357
554	1358
555	1357
555	1356
555	1353
556	1359
556	1360
557	1361
557	1362
557	1363
557	1364
557	1365
557	1366
558	1367
558	1368
558	1369
558	1370
558	1035
558	1371
558	1372
559	1373
559	1374
559	1375
559	1376
559	1377
559	1378
559	1379
560	1380
560	1381
561	748
561	1382
561	1383
561	1384
561	1385
562	1386
562	1387
562	1388
562	1389
563	1390
563	1391
564	1392
564	1393
565	1394
565	1395
565	1396
566	1397
566	1398
567	1399
567	1400
568	1401
568	1402
569	1403
569	1404
570	1405
570	1406
570	1407
570	1404
570	1403
570	1408
570	1409
570	1410
571	1410
571	1409
571	1408
571	1407
572	1406
572	1405
573	1411
573	1412
573	1413
574	1414
574	1415
574	1416
575	1417
575	1418
575	1419
576	1420
576	1421
576	1422
577	1423
577	1419
577	1424
577	1418
577	1425
577	1417
577	1422
577	1426
577	1421
577	1420
578	1427
578	1428
578	1429
579	1428
579	1430
579	1429
580	1431
580	1432
580	1433
580	1434
580	1435
581	1433
581	1431
582	1436
582	1437
583	1438
583	1439
584	1440
584	1439
584	1438
585	1441
585	1442
585	1443
585	1444
586	1441
586	1442
586	1443
586	1444
587	1445
587	1446
588	1447
588	1448
589	1449
589	1448
590	1447
590	1450
591	1449
591	1450
592	1451
592	1452
592	1453
592	1454
592	1455
592	1456
593	1457
593	1458
593	1459
593	1460
593	1461
593	1462
594	1462
594	1461
594	1457
595	1459
595	1458
596	1463
596	1464
597	1465
597	1466
598	1467
598	1468
598	1469
598	1470
598	1471
598	1472
598	1473
599	1474
599	1475
600	1476
600	1477
601	1478
601	1479
602	1480
602	1481
602	1482
603	1483
603	1484
604	1485
604	1486
605	1487
605	1488
605	1489
605	1490
606	1487
606	1488
606	1489
607	1491
607	1492
607	1493
607	1494
608	1495
608	1496
609	1497
609	1498
610	1499
610	1500
611	1501
611	1499
611	1502
611	1500
612	1503
612	1504
612	1505
612	1506
613	1507
613	1503
613	1506
614	1508
614	1509
614	1510
614	1511
614	1512
615	1512
615	1511
615	1510
615	1508
616	1512
616	1510
616	1508
617	1513
617	1514
618	1515
618	1516
618	1517
618	1518
619	1516
619	1518
620	1515
620	1516
620	1517
620	1518
620	1519
621	1520
621	1521
621	1522
621	1523
621	1524
622	1525
622	1526
623	1527
623	1528
623	1529
623	1530
623	1531
624	1529
624	1528
625	1532
625	1533
625	1534
626	1535
626	1536
626	1537
627	1538
627	1539
628	1540
628	1541
628	1542
629	1543
629	1540
629	1541
629	1542
630	1543
630	1544
630	1540
630	1474
630	1541
630	1542
631	1545
631	1546
632	1547
632	1548
633	1549
633	1550
634	1551
634	1552
634	1553
635	1554
635	1555
636	1556
636	1557
637	1558
637	1559
637	1560
637	1561
638	1558
638	1561
639	1562
639	1563
640	1564
640	163
640	1565
640	1566
641	1567
641	1568
642	1569
642	1570
643	1571
643	1572
644	1573
644	1574
644	1575
645	1576
645	1577
645	1578
646	1579
646	1580
646	1581
647	1579
647	1582
647	1580
648	1583
648	1584
649	1585
649	1586
649	1587
649	1588
649	1589
650	1590
650	1589
650	1591
651	1592
651	1593
652	1592
652	1593
652	1590
653	1594
653	1595
654	1596
654	1597
655	1596
655	1598
655	1597
656	1599
656	1600
657	1601
657	1165
657	1602
657	1603
657	1604
658	1604
658	1603
658	1602
658	1165
658	1601
659	1605
659	1606
660	1607
660	1606
661	1608
661	1609
662	1610
662	1611
662	903
663	1612
663	903
663	1613
663	1611
663	1614
663	1610
664	1615
664	1616
665	1617
665	1618
665	1619
666	1616
666	1619
666	1615
666	1618
666	1617
667	1618
667	1619
668	1620
668	1621
669	1621
669	1622
669	1620
669	1623
669	1624
670	1625
670	1626
670	1627
670	1628
670	1629
671	1627
671	1630
672	1629
672	1628
672	1631
672	1632
672	1630
672	1627
672	1626
672	1625
673	1633
673	1634
673	1635
673	1636
673	1637
674	1638
674	1639
674	1640
674	1641
674	1642
674	1643
674	1644
675	1640
675	1639
676	1645
676	1646
676	1647
676	1648
676	1649
677	1645
677	1646
677	1647
677	1650
677	1651
677	1652
677	1648
677	1649
678	1653
678	1654
679	1655
679	1656
680	1657
680	1658
680	1659
681	1660
681	1657
682	1661
682	1662
682	1663
683	1664
683	1665
684	1666
684	1667
684	1668
684	1669
684	1670
684	1671
685	1666
685	1667
685	1668
685	1669
685	1670
685	1671
686	1671
686	1668
686	1666
687	1672
687	1673
687	1674
687	1675
688	1676
688	1677
688	1678
688	1679
689	1678
689	1679
690	1680
690	1681
690	1682
691	1683
691	1684
691	1685
692	1686
692	1687
693	1688
693	1689
693	1690
694	1691
694	1688
695	1692
695	1693
695	1694
695	1695
696	1696
696	1697
697	1698
697	1699
698	1700
698	1701
699	1702
699	1703
700	1700
700	1701
700	1702
700	1703
701	1704
701	1705
701	1706
702	1707
702	1708
703	1709
703	1710
704	1711
704	1709
704	1710
704	1712
704	1713
705	1712
705	1714
705	1713
706	1715
706	1716
707	1717
707	1718
707	1719
708	1720
708	1719
708	1718
708	1717
709	1721
709	1722
709	1723
709	461
710	1724
710	1725
710	1726
710	1727
710	1728
711	1729
711	1730
711	1731
712	1732
712	1733
712	1731
712	1734
713	1735
713	1736
713	1737
714	1736
714	1735
715	1737
715	1735
716	1738
716	1739
716	1740
716	1741
717	1742
717	1743
717	1744
717	1745
718	1742
718	1743
718	1744
718	1745
719	1746
719	1747
720	1748
720	1749
721	1750
721	1751
721	622
721	1748
722	1752
722	1753
723	509
723	1754
724	1755
724	1756
724	1757
725	1758
725	1759
726	1760
726	1761
727	1762
727	1763
728	1763
728	1764
728	1765
728	1766
728	1767
728	1762
728	1768
728	1769
729	1770
729	1771
730	385
730	1772
731	385
731	1773
731	1770
732	1774
732	1775
732	1776
732	1777
732	1613
732	1778
732	1779
732	1780
733	1781
733	1782
733	1783
733	1784
733	1785
733	1786
733	1787
733	1788
733	1789
734	1787
734	1784
735	1788
735	1781
736	1790
736	1791
737	1792
737	1793
738	1794
738	1795
739	1796
739	1797
740	1798
740	1799
740	1800
741	1801
741	1802
742	1803
742	1804
743	1798
743	1799
743	1801
743	1800
743	1804
744	1805
744	1806
745	1807
745	1808
745	1809
745	1810
745	1806
746	1811
746	1812
747	1813
747	1814
748	1815
748	1816
748	1813
748	1817
749	1818
749	1817
750	1819
750	1820
750	1821
750	1822
750	1823
751	1824
751	1825
752	1826
752	1827
752	1828
752	1829
752	1830
752	1831
752	1832
752	1833
752	1834
752	1835
753	1836
753	1837
754	1838
754	1839
755	1840
755	1841
755	1842
756	1840
756	1841
756	1842
757	1843
757	1844
758	1843
758	1845
759	1843
759	1846
759	1844
759	1847
760	1848
760	1849
760	1850
761	1851
761	1852
762	1853
762	1854
762	1855
762	1856
763	1857
763	1858
763	1859
763	1860
763	1861
764	1861
764	1859
764	1858
765	1862
765	1863
765	1864
765	1865
766	1866
766	1867
766	1868
767	1868
767	1867
767	1866
767	1869
767	1870
768	1871
768	1872
768	1873
768	1874
768	1875
768	1876
768	1877
768	1878
768	1879
769	1879
769	1878
769	1877
769	1876
769	1873
770	1874
770	1872
770	1871
771	1880
771	1881
772	1882
772	1880
772	1881
773	1883
773	1884
774	1885
774	1886
775	1887
775	1888
776	1889
776	1890
776	1891
776	1888
776	1887
776	1892
776	1893
776	1894
776	1895
776	1896
777	1896
777	1889
778	1897
778	1898
779	1899
779	1900
780	1901
780	1902
780	1903
780	1904
781	1905
781	1906
782	3
782	1907
783	1908
783	1909
784	1910
784	1911
784	1912
784	1913
785	1914
785	1915
786	1915
786	1913
786	1912
786	1911
786	1910
786	1914
787	1916
787	1917
788	1918
788	1919
789	1920
789	1919
789	1918
789	1921
789	1922
790	1922
790	1920
791	1923
791	1924
792	1925
792	1926
792	1927
793	1928
793	1929
794	1930
794	1931
795	1932
795	509
796	1933
796	1934
796	1935
797	1936
797	1937
797	1938
798	1936
798	1937
799	1939
799	1940
799	1941
800	1942
800	1943
801	1944
801	1945
802	1946
802	1947
802	1948
803	1949
803	1950
804	1951
804	1950
804	1952
804	1953
805	1954
805	1955
805	1956
805	1957
806	1954
806	1958
806	1959
806	1955
807	1954
807	1958
808	1960
808	1957
808	1956
808	1961
808	1955
808	1646
808	1959
808	1958
808	1954
809	1962
809	1963
810	1964
810	1965
810	1966
810	1967
810	1968
810	1969
810	1970
810	1971
811	1970
811	1969
812	1971
812	1968
812	1965
813	1972
813	1973
813	1974
814	1972
814	1973
814	1974
815	1975
815	596
816	596
816	1975
816	1976
817	1977
817	1978
818	1979
818	1980
819	1981
819	1982
819	1983
820	1984
820	1985
821	1986
821	1987
822	1983
822	1987
822	1982
822	1981
822	1986
822	1985
822	1984
823	1988
823	1989
824	1990
824	1991
825	1992
825	1991
826	1993
826	1994
827	1994
827	1993
827	1995
828	1996
828	1997
828	1998
828	1999
828	2000
829	2001
829	2002
829	2003
830	2004
830	2001
830	2002
830	2003
831	2005
831	2006
832	2007
832	2008
832	2009
833	2008
833	2010
833	2011
833	2009
834	2012
834	2013
834	2014
835	2015
835	15
835	2016
836	2017
836	2018
836	2019
837	2020
837	2021
837	2022
837	2023
838	2024
838	2025
838	2026
838	2027
839	2028
839	2029
840	2024
840	2028
840	2025
840	2030
840	2029
840	2026
840	2027
841	2031
841	2032
841	2033
842	2033
842	2032
842	2031
843	2033
843	2032
844	2034
844	2035
845	2036
845	2037
846	2038
846	2039
847	2040
847	2041
848	2042
848	2043
848	2044
849	2045
849	2046
850	2047
850	2048
851	693
851	2049
852	2050
852	2051
852	2052
853	2053
853	2054
854	2055
854	2056
855	495
855	2057
855	2058
856	2057
856	495
857	2059
857	2060
858	2061
858	2062
858	2063
858	224
858	2064
859	224
859	2063
859	2062
859	2061
860	2065
860	2066
860	2067
861	2067
861	2066
862	2068
862	2069
863	2069
863	2070
864	2071
864	2068
865	2072
865	2073
865	2070
865	2069
865	2068
865	2071
865	2074
865	2075
865	2076
865	2077
866	508
866	2078
866	2079
867	2080
867	2081
868	2082
868	2083
869	2084
869	2085
870	2086
870	2087
871	2088
871	2089
872	2090
872	2086
872	2091
872	2087
873	2092
873	2093
873	2094
874	2092
874	2093
874	2094
875	2095
875	2096
876	2097
876	2098
876	2099
877	2098
877	2096
877	2099
878	2097
878	2099
879	2100
879	2101
879	2102
880	2102
880	2103
880	2101
880	2104
880	2100
881	2105
881	2106
882	2107
882	2108
882	2109
882	2110
882	2111
882	2112
883	2109
883	2107
884	2113
884	2114
884	2115
885	2116
885	2117
886	2118
886	2117
886	2115
886	2116
886	2114
886	2113
887	2119
887	2120
887	2121
888	2121
888	2120
889	2122
889	2123
890	2124
890	2125
891	2126
891	2127
891	2128
892	2126
892	2129
892	2127
892	2128
893	2126
893	2122
893	2124
893	1326
893	2127
893	2128
893	2125
894	2130
894	2131
894	2132
894	2133
894	2134
894	2135
894	2136
894	2137
895	2136
895	2132
896	2138
896	2139
896	2140
897	2141
897	2142
897	2143
897	2144
898	2145
898	2146
898	2147
898	2148
899	2149
899	2150
899	2151
899	950
900	2150
900	2152
900	2153
900	2154
900	2151
900	950
900	2155
900	2156
901	2157
901	2158
902	2159
902	2160
903	2159
903	2160
903	2161
904	2162
904	2163
904	2164
904	2165
904	2166
904	2167
904	2168
905	2168
905	2167
905	2166
905	2165
905	2164
905	2163
905	2162
906	2169
906	2170
906	2171
906	2172
906	2173
906	2174
906	2175
907	2169
907	2170
907	2171
907	2172
907	2173
907	2174
907	2175
908	2176
908	2177
908	2178
908	2179
909	2178
909	2177
909	2176
910	2180
910	2181
911	2182
911	2183
912	2184
912	2185
913	2186
913	2187
913	2188
913	2189
913	2190
914	2191
914	2192
915	2193
915	2194
916	2195
916	2196
917	2197
917	2198
918	2199
918	2200
919	2201
919	2202
919	2203
920	2204
920	2205
920	2206
921	2207
921	2208
922	2207
922	2208
922	2209
923	2210
923	2211
923	2212
924	2213
924	2214
925	2215
925	2216
925	2217
925	2218
925	2219
925	2220
926	2220
926	2219
926	2218
926	2221
926	2217
926	2222
926	2216
926	2215
927	2222
927	2218
928	2223
928	2224
929	2225
929	2226
929	2227
930	2227
930	2226
930	2225
930	2224
930	341
930	2223
930	2228
931	2229
931	2230
932	2231
932	2230
932	2229
933	2232
933	2233
934	2234
934	2235
934	2236
935	2237
935	2238
935	2239
935	2240
936	2237
936	2238
936	2240
937	2241
937	2242
938	2242
938	2243
938	2244
938	2245
938	2246
938	2241
939	2246
939	2245
939	2244
939	2243
940	2247
940	2248
941	2125
941	2249
941	2250
941	2251
941	2248
941	2252
941	2247
942	2253
942	2254
942	2255
942	2256
943	2256
943	2254
944	2257
944	2258
944	2259
944	2260
944	2261
944	2262
945	2259
945	2258
946	2263
946	2264
947	2265
947	2263
947	2264
947	2266
948	2267
948	2268
949	2269
949	2270
950	2271
950	2272
951	2271
951	2273
951	2274
952	2275
952	2276
952	2277
952	2278
953	2279
953	2280
953	2281
953	2282
954	2283
954	2284
955	2285
955	2286
955	2287
956	2288
956	2289
957	2285
957	2287
958	2290
958	2291
958	2292
959	2292
959	2290
960	2293
960	2294
960	2295
960	2296
961	2297
961	2298
962	2295
962	2296
963	2299
963	2300
963	2301
963	2302
963	2303
963	2304
963	856
964	2305
964	2306
964	2263
965	2305
965	2263
966	2307
966	2308
967	2309
967	2310
967	2311
967	2312
968	2313
968	2314
969	2309
969	2313
969	2310
969	2311
969	2314
969	2312
970	2315
970	2316
970	2317
970	2318
970	2319
971	2315
971	2316
971	2317
971	2320
972	2321
972	2322
972	2323
972	2324
972	2325
972	2326
972	2327
972	2328
972	2329
972	2330
973	2321
973	2322
973	2323
973	2324
973	2325
973	2326
973	2327
973	2328
973	2329
973	2330
974	2331
974	2332
974	2333
974	2334
974	2293
975	2334
975	2333
976	2335
976	2336
977	2337
977	2338
978	2335
978	2336
978	2338
979	2339
979	2340
979	2341
980	2342
980	2343
981	2344
981	2345
982	2346
982	2347
982	2348
983	2349
983	2350
983	2351
983	2352
983	2353
984	2353
984	2352
984	2351
984	2349
985	2354
985	2355
986	2356
986	2357
986	2358
987	2359
987	2360
987	626
988	2361
988	2362
989	2361
989	2362
989	2363
989	2364
990	2365
990	2366
990	2367
991	2368
991	2369
992	1858
992	2370
992	2371
993	2372
993	2373
993	2374
993	2375
993	1138
994	1138
994	2372
995	2375
995	2373
996	2376
996	2377
997	2378
997	2376
998	2379
998	2380
999	2381
999	2382
999	2383
1000	2384
1000	2385
1000	2386
1000	2387
1000	1176
1001	2388
1001	2389
1002	2390
1002	2391
1002	2389
1002	2388
1002	2392
1003	2393
1003	2394
1004	2395
1004	2396
1005	2397
1005	2398
1006	2399
1006	2400
1007	2401
1007	2402
1008	2403
1008	2404
1009	2405
1009	2406
1009	2407
1009	2408
1009	2409
1010	2410
1010	2403
1010	2404
1011	2405
1011	2406
1011	2409
1012	2405
1012	2406
1012	2407
1012	2409
1013	2411
1013	667
1013	178
1013	1590
1013	671
1013	2412
1013	2413
1014	2411
1014	667
1014	178
1014	1590
1014	671
1014	2412
1014	2413
1015	2414
1015	2415
1016	2415
1016	2414
1016	2416
1017	2417
1017	2418
1018	2419
1018	2420
1018	2421
1018	2422
1019	2423
1019	2424
1019	2425
1020	2426
1020	2427
1020	2428
1021	2429
1021	2430
1022	2431
1022	2432
1023	2433
1023	2434
1024	2435
1024	2436
1024	2437
1025	2438
1025	2439
1025	2440
1026	2438
1026	2437
1027	2441
1027	2442
1027	2443
1028	2441
1028	965
1028	2443
1028	2444
1028	2445
1029	2446
1029	2447
1029	2448
1029	2449
1029	2450
1029	2451
1029	2452
1029	2453
1030	2452
1030	2449
1030	2448
1030	2447
1030	2446
1031	2454
1031	2455
1032	2454
1032	2456
1032	2457
1032	2455
1033	2458
1033	2457
1034	2459
1034	2460
1034	2461
1034	2462
1034	2463
1034	2464
1035	2465
1035	873
1035	2466
1036	2467
1036	2468
1037	2469
1037	2470
1037	2471
1037	2472
1038	2470
1038	2473
1039	2474
1039	2475
1039	2476
1040	2477
1040	2478
1041	2479
1041	2480
1041	2481
1042	2482
1042	2483
1043	2484
1043	2485
1043	2486
1044	2487
1044	2488
1045	2489
1045	2490
1046	2491
1046	2492
1047	2493
1047	2494
1048	2495
1048	2493
1048	2494
1049	2496
1049	2497
1050	2498
1050	2499
1051	2499
1051	2500
1051	2498
1051	2501
1051	2502
1051	2503
1052	2504
1052	2505
1052	2506
1052	2507
1053	2508
1053	2509
1054	2506
1054	2507
1055	2510
1055	2511
1056	2512
1056	2513
1057	2514
1057	2515
1058	2516
1058	2517
1058	2518
1058	2514
1059	2519
1059	2520
1059	2521
1059	2522
1059	2523
1059	2524
1060	2525
1060	2526
1061	2527
1061	2528
1062	2529
1062	2530
1062	2528
1062	2526
1062	2527
1062	2531
1062	2525
1063	2532
1063	2533
1063	2534
1063	2535
1064	2533
1064	2534
1065	2536
1065	2537
1066	2537
1066	2538
1066	2539
1066	2540
1066	2541
1066	2542
1066	2543
1066	2544
1066	2536
1067	2544
1067	2542
1068	2541
1068	2539
1068	2538
1069	891
1069	2545
1069	2546
1070	2547
1070	2548
1071	2549
1071	2550
1072	2551
1072	2552
1072	2553
1073	2554
1073	2555
1074	2556
1074	2557
1074	2558
1074	2559
1075	2560
1075	2561
1075	2562
1076	2563
1076	2564
1077	2565
1077	2566
1078	2567
1078	2568
1079	2569
1079	2570
1080	2571
1080	2572
1080	2573
1080	2574
1080	6
1081	2575
1081	2576
1081	2577
1082	2578
1082	2579
1083	2580
1083	2581
1083	2582
1084	2583
1084	2584
1085	2585
1085	2586
1086	2585
1086	2586
1086	2587
1087	2588
1087	2589
1087	2590
1087	2591
1088	2592
1088	2593
1088	2594
1089	2595
1089	2596
1090	2597
1090	2598
1090	2599
1091	2600
1091	2601
1091	2602
1092	2603
1092	2604
1092	2605
1093	2601
1093	2602
1094	2606
1094	2607
1095	2608
1095	2609
1096	2610
1096	2611
1096	2612
1097	2613
1097	2614
1097	2615
1097	2616
1097	2617
1098	2617
1098	2615
1098	2613
1099	2616
1099	2614
1100	2618
1100	2619
1101	2619
1101	2620
1101	2621
1101	2622
1101	2623
1101	2618
1102	2618
1102	2622
1102	2619
1103	2621
1103	2620
1104	2624
1104	2623
1104	2625
1104	2626
1104	2627
1105	2628
1105	2629
1106	2624
1106	2628
1107	2630
1107	2631
1108	2632
1108	2633
1109	2634
1109	2635
1109	2636
1110	2637
1110	2638
1111	2639
1111	2640
1111	2641
1111	2642
1111	2643
1111	2644
1112	2645
1112	2646
1113	2647
1113	2648
1114	2649
1114	2647
1114	2648
1115	2650
1115	2651
1116	2650
1116	2651
1116	2652
1117	2653
1117	2654
1117	2655
1117	2656
1117	2657
1117	2658
1117	2659
1117	2660
1117	2661
1117	2662
1118	2660
1118	2659
1118	2657
1118	2656
1118	2655
1119	2663
1119	2664
1119	2665
1119	2666
1120	2666
1120	2665
1121	2667
1121	2668
1122	2669
1122	2670
1122	2671
1122	2672
1123	2673
1123	2674
1123	2675
1123	2676
1124	2676
1124	2675
1124	2674
1124	2673
1125	2677
1125	2678
1125	2679
1126	2680
1126	2679
1126	2678
1126	2681
1126	2682
1126	2683
1126	2677
1126	2684
1126	2685
1126	2686
1127	2686
1127	2684
1127	2682
1128	2687
1128	2688
1128	2689
1129	2690
1129	2691
1129	2692
1130	2693
1130	2694
1130	2695
1131	667
1131	2696
1131	2697
1132	2698
1132	2696
1132	2699
1132	2697
1132	2700
1133	2696
1133	2699
1134	2701
1134	2702
1134	2703
1135	2704
1135	2705
1136	2706
1136	2707
1137	2707
1137	2325
1137	2706
1137	2705
1137	2708
1137	2709
1137	2704
1137	2710
1137	2562
1137	2711
1138	2712
1138	2713
1138	2714
1138	2715
1139	2716
1139	2717
1140	2713
1140	2714
1140	2715
1141	2718
1141	2719
1141	2720
1142	2721
1142	2722
1143	2723
1143	2722
1143	2721
1144	2724
1144	2725
1144	2726
1144	2727
1144	2728
1144	2729
1144	2730
1144	2731
1145	2732
1145	2733
1146	2734
1146	2735
1146	2736
1147	2737
1147	2738
1148	2736
1148	2738
1148	2735
1148	2734
1148	2737
1148	2739
1149	2740
1149	2741
1149	2742
1150	2740
1150	2741
1151	2743
1151	2744
1152	2745
1152	2746
1152	2747
1152	2748
1152	2749
1152	2750
1152	2751
1152	2752
1152	2753
1153	2753
1153	2752
1153	2751
1154	2754
1154	2755
1155	2756
1155	2755
1156	2754
1156	2757
1157	2758
1157	2759
1157	2760
1158	2761
1158	2762
1159	2763
1159	2764
1160	2763
1160	2765
1161	2766
1161	2767
1161	2768
1161	2769
1162	2770
1162	2771
1162	765
1162	2772
1162	2773
1162	2774
1162	2775
1162	2776
1163	2776
1163	2772
1164	2774
1164	765
1165	2777
1165	2778
1165	2779
1165	2780
1165	2781
1166	2782
1166	2783
1166	2784
1166	2785
1167	2785
1167	2784
1167	2783
1167	2782
1167	2786
1168	2787
1168	2788
1168	2789
1168	2790
1169	2787
1169	2788
1169	2789
1169	2790
1170	2791
1170	2792
1170	2793
1170	2794
1170	2795
1170	2796
1171	2791
1171	2792
1171	2793
1172	2797
1172	2798
1173	2799
1173	2798
1173	2797
1173	2800
1174	2801
1174	2802
1174	2803
1174	2804
1174	2805
1175	2806
1175	2807
1176	2808
1176	249
1176	2809
1177	2810
1177	2811
1177	2809
1177	249
1177	2808
1177	2465
1177	2812
1178	1066
1178	2813
1179	2814
1179	2815
1180	2816
1180	2817
1180	2818
1180	2819
1181	2820
1181	2821
1181	2822
1181	2823
1182	2820
1182	2823
1183	2824
1183	2825
1183	2826
1183	2827
1183	2828
1183	2829
1183	2830
1184	2829
1184	2825
1185	1606
1185	2831
1186	2832
1186	2833
1187	2834
1187	2835
1188	2836
1188	2837
1189	2835
1189	2834
1189	2837
1189	2833
1189	2838
1189	2836
1189	2832
1190	2839
1190	2840
1190	2841
1190	2842
1191	2843
1191	2844
1191	2845
1191	2846
1191	2847
1192	2846
1192	2844
1193	2845
1193	2843
1194	2848
1194	2427
1194	2849
1194	2850
1195	2851
1195	2852
1196	2853
1196	2854
1197	2855
1197	2856
1198	2857
1198	2858
1198	2859
1199	2860
1199	2861
1199	1593
1200	2862
1200	2863
1200	2864
1201	2865
1201	2866
1201	2867
1201	2868
1202	2867
1202	2866
1203	2869
1203	2870
1204	2871
1204	2872
1205	2873
1205	2874
1206	2875
1206	2874
1207	2876
1207	479
1208	2876
1208	2877
1208	2878
1208	479
1209	2877
1209	2878
1210	2518
1210	2879
1210	2880
1210	2881
1210	2882
1210	2883
1211	2518
1211	2879
1211	2880
1211	2881
1211	2882
1211	2883
1212	2884
1212	2885
1213	2886
1213	2887
1213	2888
1214	2889
1214	2890
1215	2891
1215	2892
1215	2893
1216	2894
1216	289
1217	2895
1217	2896
1218	2897
1218	2898
1219	2899
1219	2900
1219	2901
1220	2901
1220	2900
1220	2902
1220	2903
1220	2904
1220	2899
1221	2905
1221	2906
1221	2907
1222	2907
1222	2905
1223	2908
1223	2909
1224	2910
1224	2909
1224	2911
1224	2912
1224	2908
1225	2913
1225	2914
1225	2915
1226	2916
1226	2917
1226	2918
1227	2919
1227	2920
1228	2921
1228	2922
1229	2923
1229	2924
1230	2925
1230	2926
1231	2923
1231	2927
1231	2922
1231	2925
1232	2928
1232	2929
1232	2930
1232	2931
1232	2932
1232	2933
1232	2934
1232	2935
1233	2935
1233	2934
1233	2933
1233	2931
1233	2930
1233	2929
1234	2936
1234	2937
1234	1868
1234	2938
1234	2939
1235	2940
1235	2941
1235	2437
1235	2942
1235	2943
1236	2944
1236	2945
1237	2940
1237	2943
1238	2437
1238	2946
1239	2947
1239	2948
1239	2949
1239	2950
1240	2951
1240	2769
1241	1661
1241	621
1242	2952
1242	2953
1242	2769
1242	1394
1243	2954
1243	2955
1244	2956
1244	2957
1244	2958
1244	2959
1245	2960
1245	2961
1245	2956
1245	2962
1245	2957
1245	2958
1245	2959
1246	2963
1246	2964
1246	2965
1247	2966
1247	2967
1248	2968
1248	2969
1248	2970
1249	2966
1249	2967
1249	2970
1249	2971
1249	140
1250	2972
1250	2973
1250	2974
1251	2975
1251	2976
1252	2386
1252	1177
1253	2977
1253	2978
1254	2979
1254	2980
1255	2981
1255	2982
1255	2983
1255	2984
1256	2985
1256	2986
1257	2985
1257	2987
1257	2986
1257	2988
1257	2989
1258	2990
1258	2991
1259	2992
1259	2993
1260	2994
1260	2993
1260	2992
1261	2995
1261	2996
1261	2997
1261	2998
1262	2999
1262	2995
1262	2996
1262	3000
1262	3001
1262	2997
1262	2998
1263	3002
1263	2999
1263	2995
1263	2996
1263	3000
1263	3001
1263	2997
1263	2998
1264	3000
1264	3001
1265	3003
1265	3004
1266	3005
1266	3006
1267	3007
1267	3008
1268	3008
1268	3009
1269	3009
1269	3008
1269	3007
1270	3010
1270	3011
1270	3012
1270	3013
1270	3014
1270	3015
1271	3016
1271	3017
1271	3018
1272	3010
1272	3011
1272	3013
1272	3014
1272	3015
1273	3019
1273	3020
1273	3021
1273	3022
1274	3023
1274	3024
1275	3025
1275	3026
1275	2322
1276	3027
1276	3028
1276	3029
1276	3030
1276	3031
1276	3032
1276	3033
1276	3034
1276	3035
1277	3027
1277	3028
1277	3029
1277	3030
1277	3031
1277	3032
1277	3033
1277	3034
1277	3035
1278	3036
1278	3037
1278	3038
1279	3039
1279	3040
1279	3041
1280	3041
1280	3040
1280	3038
1280	3037
1280	3036
1280	3039
1281	3042
1281	3043
1282	3044
1282	3045
1282	3046
1282	3047
1283	3048
1283	3049
1284	3050
1284	3051
1285	3047
1285	3051
1285	3050
1285	3052
1285	3046
1285	3045
1285	3044
1285	3049
1285	3048
1286	3048
1286	3049
1286	3044
1286	3045
1286	3046
1286	3050
1286	3051
1286	3047
1287	3053
1287	3054
1287	3055
1288	3053
1288	3054
1289	2850
1289	3055
1289	3054
1289	3053
1290	3056
1290	3057
1291	3058
1291	3059
1292	3060
1292	3061
1292	3062
1292	3063
1292	3064
1292	3065
1292	3066
1292	3067
1293	3068
1293	3069
1293	3070
1294	3070
1294	3069
1294	3068
1294	3071
1294	3072
1295	3073
1295	3074
1296	3075
1296	3076
1297	3077
1297	3078
1297	3079
1298	3080
1298	3081
1298	3082
1299	3083
1299	3084
1299	3085
1299	3086
1300	3080
1300	3082
1300	3087
1301	3083
1301	3087
1301	3084
1301	3086
1302	3088
1302	3089
1302	3090
1302	3091
1302	3092
1302	1138
1303	3093
1303	3094
1303	3095
1303	3096
1303	3097
1303	3098
1303	3099
1303	3100
1303	3101
1304	3101
1304	3099
1304	3096
1305	3097
1305	3095
1305	3094
1305	3093
1306	3102
1306	3103
1307	509
1307	3104
1307	1932
1307	3105
1308	509
1308	1932
1308	3105
1309	3106
1309	3107
1309	3108
1310	3109
1310	3110
1310	3111
1310	3112
1311	3106
1311	3112
1311	3108
1312	3109
1312	3111
1313	3113
1313	1859
1314	3114
1314	3115
1315	3116
1315	3117
1316	3118
1316	3119
1317	3120
1317	3121
1318	3122
1318	3123
1319	3120
1319	3122
1319	3121
1319	3124
1319	3123
1320	3125
1320	3126
1321	3127
1321	3128
1321	3129
1321	3130
1322	3128
1322	3129
1322	3130
1323	3131
1323	3132
1323	3133
1324	3134
1324	3135
1325	3134
1325	3136
1326	3137
1326	3138
1326	3139
1327	3140
1327	3137
1327	3138
1327	3139
1328	3141
1328	3142
1328	3143
1328	3144
1328	3145
1328	3146
1328	3147
1329	3147
1329	3146
1329	3145
1329	3142
1329	3141
1330	3144
1330	3143
1331	1288
1331	3148
1331	3149
1331	3150
1332	3151
1332	3152
1333	3153
1333	3154
1333	3155
1333	3156
1333	3157
1333	3158
1333	3159
1333	3160
1334	3161
1334	3162
1335	3163
1335	3164
1335	3165
1335	3166
1336	3167
1336	3163
1336	3164
1336	3165
1336	3166
1337	3168
1337	3169
1338	3170
1338	3171
1338	3172
1338	3173
1338	3174
1338	3175
1339	3172
1339	3171
1339	3170
1340	3176
1340	3177
1340	3178
1340	1228
1340	3179
1341	3180
1341	3181
1342	3182
1342	3183
1343	3182
1343	3184
1343	3183
1344	3185
1344	3186
1345	1052
1345	3186
1345	3185
1345	3187
1346	3188
1346	3189
1346	3190
1346	3191
1347	3192
1347	3193
1348	3188
1348	3190
1348	3191
1349	3194
1349	3195
1350	3196
1350	3197
1351	3198
1351	3199
1352	3200
1352	950
1352	3201
1352	180
1353	180
1353	3201
1353	950
1354	3202
1354	3203
1355	3204
1355	3205
1356	3206
1356	3207
1356	3208
1356	3209
1357	3207
1357	3210
1358	3211
1358	3212
1359	3213
1359	3214
1359	3215
1359	3216
1359	3217
1359	3218
1359	3219
1359	3220
1360	3221
1360	3222
1360	3223
1360	3224
1361	2265
1361	3225
1362	3221
1362	3222
1362	3223
1362	3224
1363	3226
1363	3227
1363	3228
1364	3227
1364	3226
1365	3229
1365	3230
1365	3231
1365	3232
1366	3233
1366	3234
1366	3235
1367	3236
1367	3237
1368	3238
1368	3239
1369	3240
1369	3241
1370	3242
1370	3243
1371	3244
1371	3245
1372	3244
1372	3245
1372	3246
1372	3247
1372	3248
1373	3249
1373	3250
1373	3251
1373	3252
1373	3253
1374	2752
1374	3254
1375	3254
1375	3253
1375	3252
1375	3251
1375	3250
1375	3249
1375	2752
1375	3255
1375	3256
1375	3257
1376	3258
1376	3259
1376	3260
1376	3261
1376	3262
1376	3263
1376	3264
1376	3265
1377	3265
1377	3264
1377	3263
1377	3262
1377	3261
1377	3260
1377	3259
1377	3258
1378	3258
1378	3259
1378	3260
1378	3262
1378	3263
1378	3264
1378	3265
1379	3266
1379	3267
1379	3268
1380	3269
1380	3270
1381	3271
1381	3272
1381	3273
1381	3274
1381	3275
1381	3276
1382	3276
1382	3275
1382	3273
1382	3271
1383	3277
1383	3278
1384	3279
1384	3280
1385	678
1385	3281
1385	3282
1385	3283
1385	3284
1385	3285
1385	3286
1386	3287
1386	3288
1387	3289
1387	3290
1387	3291
1388	3291
1388	3290
1389	3292
1389	3293
1389	3294
1390	3295
1390	3296
1390	3297
1390	3298
1390	3299
1391	3300
1391	3301
1391	3302
1392	3303
1392	3304
1393	3305
1393	3306
1394	3307
1394	3308
1395	3309
1395	3310
1395	3311
1395	3312
1396	3313
1396	3314
1396	3315
1397	3314
1397	3313
1398	3316
1398	3317
1398	3318
1398	3319
1398	3320
1399	3321
1399	3322
1400	3323
1400	3324
1400	3325
1400	3326
1400	3327
1400	3328
1400	3329
1401	3330
1401	3331
1402	3330
1402	3331
1402	3332
1403	557
1403	3333
1403	3334
1403	1966
1404	1966
1404	3335
1404	3334
1404	3336
1404	3333
1404	557
1405	3337
1405	3338
1405	3339
1406	3340
1406	3341
1406	2293
1406	3342
1406	3343
1406	3344
1407	3344
1407	3343
1407	3345
1407	3342
1407	2293
1407	3339
1407	3338
1407	3341
1407	3340
1407	3337
1408	3346
1408	3347
1408	3348
1409	3349
1409	3350
1409	3351
1409	3352
1409	3353
1409	3354
1410	3354
1410	3353
1410	3349
1411	3355
1411	3356
1411	3357
1411	1784
1412	3358
1412	3359
1412	3360
1412	3361
1413	3362
1413	3363
1414	3364
1414	3365
1415	3366
1415	2485
1416	3367
1416	3368
1416	3369
1417	3370
1417	3371
1418	3372
1418	3370
1418	3371
1419	3373
1419	3374
1419	3375
1420	3374
1420	3375
1421	3376
1421	3377
1422	3378
1422	3379
1422	3380
1423	2922
1423	2277
1424	3381
1424	3382
1425	3383
1425	3384
1426	3385
1426	3384
1427	3386
1427	3387
1427	3388
1427	3389
1427	3390
1428	3386
1428	3387
1428	3388
1428	3390
1429	3391
1429	3392
1430	3393
1430	3394
1430	3395
1430	3396
1430	3397
1430	3398
1430	3399
1431	3397
1431	3396
1431	3394
1431	3393
1432	3400
1432	3401
1432	3402
1433	3403
1433	3404
1434	3405
1434	3406
1434	3407
1434	3408
1434	3409
1435	3409
1435	3407
1436	3410
1436	3411
1436	3412
1436	3413
1436	3414
1436	3415
1437	3416
1437	3417
1438	3416
1438	3417
1438	3418
1439	3419
1439	3420
1439	3421
1440	3422
1440	3423
1440	3424
1441	3425
1441	3426
1442	3427
1442	3428
1443	3425
1443	3426
1444	3429
1444	3430
1445	3429
1445	3430
1446	3431
1446	3432
1446	3433
1446	3434
1447	3435
1447	3436
1448	3437
1448	3438
1448	3439
1449	3439
1449	3438
1450	3440
1450	3441
1450	3442
1450	3443
1451	3444
1451	3445
1451	3446
1451	3443
1451	3447
1451	3442
1451	3448
1451	3441
1451	3440
1452	3449
1452	2484
1452	3450
1453	3451
1453	3452
1454	3453
1454	3454
1455	3454
1455	3455
1456	3456
1456	3457
1457	3458
1457	3457
1457	3456
1458	179
1458	3459
1459	3460
1459	3461
1459	3462
1460	3463
1460	3464
1461	3465
1461	3466
1462	3467
1462	3468
1463	3469
1463	3470
1463	3468
1463	3471
1463	3472
1463	3473
1463	3467
1463	3474
1464	3468
1464	3470
1464	3469
1465	3470
1465	3469
1466	3475
1466	3476
1466	3477
1466	3478
1466	3479
1467	3480
1467	3481
1467	3482
1467	3483
1467	3484
1468	3482
1468	3483
1469	3485
1469	3486
1469	1052
1469	3487
1469	2075
1469	1138
1469	3488
1470	1138
1470	2075
1470	3487
1471	1052
1471	3485
1472	3489
1472	3490
1472	3491
1472	3492
1473	3490
1473	3493
1474	3494
1474	3495
1474	3496
1474	3497
1475	76
1475	3498
1476	3499
1476	3498
1477	3500
1477	3501
1477	3502
1477	3503
1478	3503
1478	3500
1479	3504
1479	3505
1479	3506
1480	3504
1480	3505
1480	3506
1481	3507
1481	3508
1481	3509
1481	3510
1482	3511
1482	3512
1483	3513
1483	3514
1483	3515
1483	3516
1483	3517
1483	3518
1483	3519
1483	3520
1484	3521
1484	3522
1485	337
1485	3523
1486	3524
1486	3525
1487	3526
1487	3527
1488	3528
1488	3529
1489	3528
1489	3529
1490	3530
1490	3531
1490	3532
1490	3533
1491	3531
1491	3530
1492	3534
1492	3535
1493	3535
1493	3534
1493	3536
1494	3537
1494	3538
1494	3539
1494	3540
1494	3541
1494	3542
1494	3543
1494	3544
1494	3545
1495	3546
1495	3547
1495	3548
1496	3549
1496	3550
1496	3551
1497	3549
1497	3551
1497	1191
1498	3552
1498	1191
1499	3553
1499	3554
1500	3555
1500	3556
1500	3557
1501	3558
1501	3559
1501	3560
1502	3561
1502	3562
1503	3563
1503	3564
1504	884
1504	3565
1505	3566
1505	3567
1506	3568
1506	3569
1507	3570
1507	3571
1508	3572
1508	3573
1509	3574
1509	3575
1509	3573
1510	3576
1510	3577
1511	3578
1511	3579
1512	3580
1512	3581
1512	3582
1512	3583
1512	3584
1512	3585
1512	3586
1512	3587
1513	3588
1513	3589
1514	3590
1514	1540
1514	3591
1514	3592
1514	3593
1514	3594
1514	3595
1514	3589
1514	3588
1515	3596
1515	3597
1515	3598
1516	3599
1516	3600
1516	3601
1517	3600
1517	3599
1518	3602
1518	3603
1518	3604
1518	3605
1518	3606
1518	3607
1518	3608
1519	3602
1519	3603
1519	3604
1519	3605
1519	3606
1519	3607
1519	3608
1520	3609
1520	3610
1521	3611
1521	3612
1521	3613
1522	3611
1522	3612
1523	3614
1523	3615
1524	3616
1524	3617
1524	3618
1524	3619
1525	3620
1525	3621
1526	3622
1526	3623
1527	3624
1527	3625
1528	3625
1528	3626
1529	3627
1529	3628
1529	3629
1530	3627
1530	3628
1530	3629
1531	3630
1531	3631
1532	3632
1532	3633
1532	3634
1533	3635
1533	3636
1534	3637
1534	3638
1534	3639
1534	3640
1534	3641
1534	3642
1535	3637
1535	3638
1535	3639
1535	3640
1535	3642
1536	3643
1536	3644
1537	3645
1537	3646
1537	3647
1537	3648
1537	3649
1538	3650
1538	3651
1538	3652
1538	3653
1538	3654
1539	3654
1539	3653
1540	3655
1540	3656
1541	3657
1541	3658
1542	3659
1542	3660
1543	3661
1543	3662
1543	3663
1544	3661
1544	3664
1544	3659
1545	3665
1545	3666
1545	3667
1545	3668
1546	3667
1546	3666
1546	3665
1547	3666
1547	3665
1548	3669
1548	3670
1548	1093
1549	3669
1549	1093
1550	3670
1550	3671
1551	3672
1551	3673
1552	3672
1552	3673
1553	3674
1553	3675
1553	3676
1553	3677
1554	1783
1554	3678
1555	3679
1555	3680
1556	3681
1556	3682
1557	3683
1557	3684
1558	3685
1558	3686
1558	3687
1559	3688
1559	3689
1560	3690
1560	3281
1560	3691
1561	3692
1561	3693
1561	3694
1562	3695
1562	3696
1562	3697
1563	3697
1563	3698
1563	3696
1563	3695
1563	3699
1564	3700
1564	3701
1564	3702
1565	3703
1565	3704
1566	3705
1566	3706
1567	3707
1567	3708
1568	3709
1568	3710
1568	3711
1569	3712
1569	3713
1570	3714
1570	3715
1571	3716
1571	3717
1571	3715
1571	3718
1571	3719
1571	3714
1572	3720
1572	3721
1572	3722
1572	3723
1572	3724
1572	3725
1572	3726
1572	3727
1573	3720
1573	3721
1573	3723
1573	3724
1573	3728
1573	3725
1573	3726
1573	3727
1574	3729
1574	3730
1574	3731
1575	3729
1575	3731
1576	3732
1576	3733
1576	2373
1576	3734
1576	3735
1577	2373
1577	3735
1578	3736
1578	1514
1579	3737
1579	1514
1580	1179
1580	3738
1580	3739
1581	3739
1581	3740
1581	386
1581	3741
1581	3742
1581	3738
1581	1179
1582	3741
1582	3740
1583	3743
1583	2807
1583	3744
1583	3745
1584	3746
1584	3747
1584	2384
1584	3748
1585	3746
1585	3747
1585	2384
1585	3749
1585	3750
1585	3748
1586	3751
1586	3748
1587	3747
1587	3752
1588	3753
1588	3754
1588	3755
1589	3754
1589	3755
1590	3756
1590	3757
1591	3758
1591	3759
1592	3760
1592	3761
1593	3762
1593	3763
1594	3764
1594	3765
1595	3766
1595	3767
1595	3768
1595	3769
1595	3770
1595	3771
1595	3772
1596	3773
1596	3774
1597	3775
1597	3776
1597	3777
1597	3778
1597	3779
1597	3780
1597	3781
1597	3782
1597	3783
1598	3784
1598	3785
1598	3786
1598	3787
1598	3788
1599	3789
1599	3790
1599	3791
1599	3792
1599	3793
1600	3794
1600	3185
1601	3795
1601	3796
1601	684
1601	3185
1601	3794
1601	3797
1601	3798
1602	3799
1602	3800
1603	3801
1603	3802
1603	3803
1603	3804
1604	3802
1604	3803
1605	3805
1605	3806
1606	1320
1606	3807
1606	3808
1606	3809
1606	3810
1606	3811
1606	3812
1606	3806
1606	3805
1607	3809
1607	3808
1607	3807
1608	3805
1608	3806
1609	3812
1609	3811
1610	3813
1610	3269
1611	3814
1611	3815
1612	3816
1612	3817
1613	3818
1613	3819
1613	3820
1613	3821
1613	3822
1613	3823
1613	3824
1613	3825
1614	1858
1614	3826
1615	3827
1615	3828
1616	3829
1616	3830
1616	3831
1617	3832
1617	3833
1618	3834
1618	3835
1619	3836
1619	3837
1619	3838
1620	3839
1620	1750
1621	3840
1621	3841
1622	3842
1622	3843
1623	3844
1623	3842
1623	3843
1624	3845
1624	1427
1625	3845
1625	1427
1625	3846
1626	3847
1626	3848
1627	3849
1627	3850
1628	3851
1628	3852
1629	3850
1629	3849
1629	3852
1629	3851
1629	3848
1629	3847
1630	3853
1630	3854
1630	3855
1630	3856
1630	3857
1630	3858
1630	3859
1631	3860
1631	3861
1631	3862
1632	3863
1632	3864
1632	3865
1632	3866
1633	3863
1633	3864
1633	3866
1633	3867
1634	3868
1634	3869
1635	2485
1635	3870
1636	3871
1636	3872
1636	3873
1637	3871
1637	3872
1637	3873
1638	3874
1638	3875
1638	3876
1638	3877
1639	3873
1639	3877
1639	3876
1639	3875
1639	3878
1639	3872
1639	3874
1639	3871
1640	3874
1640	3876
1641	3879
1641	3880
1641	3881
1642	3882
1642	3883
1643	3884
1643	3885
1644	3882
1644	3883
1645	3884
1645	3885
1646	3886
1646	3887
1647	3886
1647	3887
1648	3888
1648	3889
1649	3890
1649	3891
1650	3892
1650	3893
1650	3894
1650	3895
1650	3896
1651	3892
1651	3893
1652	3894
1652	3895
1653	3897
1653	3898
1654	3899
1654	3900
1654	3901
1655	3902
1655	3903
1656	3904
1656	3903
1656	3902
1656	3905
1657	3906
1657	3907
1657	3908
1657	3909
1657	3910
1657	3911
1657	3912
1658	3913
1658	3914
1659	3915
1659	3916
1659	3917
1660	3917
1660	3916
1660	3915
1660	3914
1660	3913
1661	3918
1661	3919
1662	3920
1662	3921
1663	3922
1663	3923
1664	3924
1664	3925
1665	3925
1665	3922
1666	3926
1666	3927
1667	3928
1667	3929
1668	3930
1668	3931
1669	3932
1669	3933
1670	3934
1670	3935
1671	3936
1671	3937
1671	3938
1672	3939
1672	3940
1672	3941
1673	3942
1673	3943
1674	3944
1674	3945
1674	3946
1674	3947
1675	3948
1675	3949
1676	3950
1676	3949
1676	3947
1676	3948
1676	3946
1676	3945
1676	3951
1676	3944
1677	3952
1677	3953
1678	3954
1678	3955
1679	3956
1679	3957
1679	3958
1679	3959
1680	3960
1680	3961
1681	3962
1681	3961
1682	3963
1682	3964
1683	3965
1683	3966
1683	3967
1684	3968
1684	3969
1684	3970
1684	3971
1684	3972
1684	3973
1685	3965
1685	3966
1685	3967
1686	3969
1686	3971
1686	3972
1686	3973
1687	3974
1687	3975
1687	3976
1688	3977
1688	3978
1689	3979
1689	3980
1689	3981
1689	3982
1690	3982
1690	3983
1690	3981
1690	3980
1690	3979
1691	3984
1691	3985
1691	3986
1691	3987
1691	3988
1692	3989
1692	3990
1693	3991
1693	3992
1693	3993
1693	3994
1694	3995
1694	1277
1695	3996
1695	3997
1696	3998
1696	3999
1697	4000
1697	4001
1697	4002
1697	4003
1697	4004
1697	4005
1698	4005
1698	4004
1698	4002
1699	4006
1699	4007
1699	4008
1699	4009
1700	4006
1700	4007
1700	4008
1700	4009
1701	1428
1701	4010
1702	1232
1702	4011
1703	4012
1703	4013
1703	4014
1704	4015
1704	4016
1704	2042
1704	4017
1705	4013
1705	4014
1706	4018
1706	4019
1706	4020
1706	4021
1707	4022
1707	4023
1707	4024
1707	4025
1708	4026
1708	1925
1709	4027
1709	4028
1709	4029
1709	4030
1709	4031
1710	4032
1710	4033
1711	4027
1711	4028
1711	4034
1711	4029
1711	4035
1712	4036
1712	4037
1712	2132
1713	4038
1713	4039
1714	4040
1714	4041
1714	4042
1714	4043
1714	4044
1714	4045
1715	4046
1715	4047
1716	4048
1716	4049
1716	4050
1716	4051
1716	4052
1717	4050
1717	4052
1718	4053
1718	4054
1719	4053
1719	4055
1719	4054
1720	4056
1720	4057
1721	4058
1721	4059
1722	4060
1722	4061
1722	4062
1723	3107
1723	4063
1724	4064
1724	4065
1724	4066
1725	4064
1725	4065
1726	4067
1726	4068
1726	4069
1726	4070
1727	4071
1727	4072
1728	4073
1728	4074
1728	4075
1729	4076
1729	4077
1729	4078
1730	4079
1730	4080
1731	4081
1731	4082
1732	4083
1732	4084
1732	4082
1732	4085
1732	4081
1732	4086
1733	4087
1733	3504
1734	4088
1734	4089
1735	4090
1735	4091
1735	4092
1736	4093
1736	4094
1736	4095
1737	4093
1737	4096
1737	4094
1737	4097
1737	4095
1738	4093
1738	4096
1738	4094
1739	2384
1739	4098
1739	4099
1740	4100
1740	4101
1740	4102
1741	4103
1741	4104
1741	4004
1742	4105
1742	4106
1743	4107
1743	4106
1743	4004
1743	4105
1743	4104
1743	4103
1744	4108
1744	4109
1745	4108
1745	4110
1745	4109
1745	4111
1745	4112
1746	4113
1746	4114
1746	4115
1746	4116
1746	4117
1746	4118
1746	4119
1746	4120
1747	4120
1747	4119
1747	4118
1747	4117
1747	4116
1747	4115
1747	4121
1747	4114
1747	4113
1748	4122
1748	4123
1749	4124
1749	4125
1750	4126
1750	4127
1750	178
1750	4128
1750	4129
1751	4126
1751	4127
1751	4130
1751	178
1751	4128
1751	4131
1751	4129
1752	1208
1752	4132
1753	4133
1753	4134
1753	4135
1753	4136
1754	4137
1754	4138
1755	4138
1755	4139
1755	4140
1755	4141
1755	4137
1755	4142
1755	4143
1755	4144
1755	4145
1756	4145
1756	4143
1756	4141
1756	4140
1756	4139
1757	4146
1757	4147
1758	4148
1758	4149
1759	4150
1759	4151
1760	4152
1760	4153
1760	4154
1761	4155
1761	4156
1762	4157
1762	4158
1763	4159
1763	4160
1763	4161
1764	4162
1764	4163
1764	4164
1765	957
1765	479
1765	4165
1765	4166
1766	4165
1766	4166
1767	4167
1767	4168
1767	4169
1767	4170
1767	4171
1767	4172
1767	4173
1767	4174
1767	99
1767	4175
1768	4167
1768	4168
1768	4169
1768	4170
1768	4171
1768	4172
1768	4173
1768	4174
1768	99
1768	4175
1769	4176
1769	4177
1769	4178
1769	4179
1770	4180
1770	4181
1770	4182
1771	4183
1771	4184
1771	4185
1771	4186
1772	4186
1772	4185
1772	4184
1773	4187
1773	4188
1773	4189
1773	4190
1773	4191
1773	4192
1773	4193
1774	4192
1774	4190
1774	4189
1774	4188
1774	4187
1775	4194
1775	4195
1776	4196
1776	4197
1777	4198
1777	4199
1778	4200
1778	4201
1778	4202
1778	4203
1779	4204
1779	4205
1780	4206
1780	4207
1780	4208
1780	4209
1781	4210
1781	4211
1782	4212
1782	4213
1782	4211
1783	4214
1783	4215
1783	4216
1784	4217
1784	4218
1784	4219
1784	4220
1784	4221
1784	4222
1784	4223
1784	4224
1784	4225
1785	4221
1785	4220
1785	4219
1785	4218
1786	4225
1786	4222
1787	4226
1787	4227
1787	4228
1787	785
1787	4229
1787	4230
1788	4226
1788	4227
1788	4228
1788	785
1788	4229
1788	4230
1789	4231
1789	3769
1790	4232
1790	4233
1790	2704
1790	4234
1790	4235
1790	4236
1791	4237
1791	4238
1792	4239
1792	4240
1793	4237
1793	4238
1794	4241
1794	4242
1795	4241
1795	4243
1795	4244
1795	4242
1796	4245
1796	4246
1797	4243
1797	4244
1798	4247
1798	4248
1799	4249
1799	4250
1799	4251
1799	4252
1800	4250
1800	4251
1800	4252
1801	4253
1801	4254
1801	4255
1801	4256
1801	4257
1801	4258
1801	4259
1801	4260
1801	4261
1802	4255
1802	4254
1803	4261
1803	4253
1804	4262
1804	4263
1805	4264
1805	4265
1806	4266
1806	4267
1806	4268
1806	4269
1807	4268
1807	4269
1808	3504
1808	4270
1808	4271
1808	4272
1809	4273
1809	4274
1810	4275
1810	4276
1811	4274
1811	4277
1811	4278
1811	4276
1811	4279
1811	4273
1811	4280
1811	4281
1811	4275
1811	2791
1812	4282
1812	4283
1812	4284
1812	4285
1812	4286
1813	4282
1813	4283
1813	4284
1813	4285
1813	4286
1814	4287
1814	4288
1814	4289
1815	4290
1815	4289
1815	4291
1815	4292
1815	4288
1815	4287
1816	4293
1816	4294
1816	4295
1817	4293
1817	4296
1818	4297
1818	4298
1819	4299
1819	4300
1819	4301
1819	4298
1819	4302
1819	4297
1820	4302
1820	4300
1821	4301
1821	4299
1822	4303
1822	4304
1822	4305
1822	4306
1823	4303
1823	4304
1823	4305
1824	4307
1824	4308
1824	4309
1825	4310
1825	4311
1825	4312
1825	4313
1825	4314
1825	4315
1825	4316
1826	4310
1826	4311
1826	4312
1826	4313
1826	4314
1826	4315
1826	4316
1827	4310
1827	4311
1827	4312
1827	4314
1827	4315
1827	4316
1828	4317
1828	4318
1829	4319
1829	4320
1829	4321
1830	4322
1830	4323
1830	4324
1831	4325
1831	4326
1832	4327
1832	4328
1832	4329
1832	4330
1833	4328
1833	4329
1833	4330
1834	4331
1834	4332
1835	4331
1835	4332
1835	4333
1836	4334
1836	4335
1837	4336
1837	4337
1837	4338
1837	4339
1838	4340
1838	4341
1839	4342
1839	4343
1839	4344
1840	4345
1840	4346
1841	4347
1841	4348
1842	4349
1842	4350
1843	4347
1843	4351
1844	4352
1844	4353
1844	4354
1844	4355
1844	4356
1845	4352
1845	4353
1845	4354
1845	4355
1845	4356
1846	4357
1846	806
1846	807
1846	4358
1847	4359
1847	4357
1847	806
1847	807
1847	4358
1848	825
1848	4360
1848	4361
1849	825
1849	4360
1849	4361
1849	4362
1849	4363
1850	4364
1850	4365
1851	4366
1851	4367
1852	4368
1852	4369
1853	4370
1853	4371
1854	4372
1854	4373
1854	1599
1855	1599
1855	4373
1855	4372
1856	4374
1856	4375
1857	2807
1857	4376
1857	588
1858	4377
1858	4378
1859	4378
1859	4377
1859	588
1859	4376
1859	2807
1860	4379
1860	4380
1860	4381
1860	4382
1861	4383
1861	4384
1862	4385
1862	341
1863	4386
1863	4387
1864	4388
1864	2513
1864	4389
1865	4390
1865	4391
1866	4392
1866	4393
1867	507
1867	388
1867	4394
1867	4395
1867	679
1868	679
1868	4394
1868	507
1869	4395
1869	388
1870	4396
1870	4397
1871	4398
1871	4399
1872	2131
1872	1750
1872	177
1872	4400
1873	1750
1873	177
1874	4401
1874	4402
1874	4400
1874	177
1874	1750
1874	2131
1875	4403
1875	4404
1876	4405
1876	4406
1877	4407
1877	4408
1877	4409
1877	4410
1878	4411
1878	4412
1878	4413
1878	4414
1878	4415
1878	4416
1878	4417
1878	4418
1878	4419
1879	4420
1879	4421
1879	4422
1879	4423
1880	4423
1880	4422
1880	4421
1880	4420
1881	4424
1881	4425
1881	4426
1882	4424
1882	4425
1882	4426
1883	4427
1883	4428
1884	4429
1884	4430
1885	4429
1885	4430
1886	4431
1886	4432
1887	4431
1887	4433
1888	4434
1888	4435
1888	4436
1889	4437
1889	4436
1889	4438
1890	4437
1890	4438
1891	4439
1891	4440
1892	4441
1892	4442
1892	4443
1892	4444
1893	4445
1893	4446
1893	4447
1893	4448
1893	4449
1894	4449
1894	4448
1894	4450
1894	4451
1894	4452
1894	4447
1894	4453
1894	4454
1894	4446
1894	4445
1895	4455
1895	4456
1896	4457
1896	4458
1896	4459
1896	4460
1896	4461
1896	4462
1897	4463
1897	4464
1898	4462
1898	4461
1898	4460
1898	4465
1898	4464
1898	4459
1898	4463
1898	4458
1898	4457
1899	4466
1899	4467
1900	3286
1900	4468
1901	3286
1901	4468
1901	4469
1901	4467
1902	4470
1902	4471
1903	4472
1903	4473
1904	4474
1904	4475
1905	4476
1905	4477
1905	4478
1905	4479
1906	4480
1906	4481
1907	4475
1907	4482
1907	4479
1907	4478
1907	4477
1907	4474
1907	4481
1907	4480
1907	4476
1908	4483
1908	4484
1909	4485
1909	4486
