0	1397
0	1398
1	69
1	70
2	3963
2	3964
3	3194
3	3195
4	1208
4	4132
5	1176
5	1342
6	387
6	388
7	4398
7	4399
8	1538
8	1539
9	1794
9	1795
10	2184
10	2185
11	884
11	3565
12	2191
12	2192
13	847
13	848
14	870
14	871
15	2554
15	2555
16	4390
16	4391
17	4455
17	4456
18	3196
18	3197
19	454
19	455
20	1380
20	1381
21	886
21	887
22	4385
22	341
23	2005
23	2006
24	1796
24	1797
25	2368
25	2369
26	3116
26	3117
27	3307
27	3308
28	3321
28	3322
29	745
29	746
30	1269
30	1270
31	1343
31	1344
32	2195
32	2196
33	1022
33	1023
34	856
34	857
35	2105
35	2106
36	31
36	32
37	4196
37	4197
38	553
38	554
39	1015
39	1016
40	3056
40	3057
41	4392
41	4393
42	884
42	885
43	4122
43	4123
44	1583
44	1584
45	3897
45	3898
46	444
46	445
47	1664
47	1665
48	1485
48	1486
49	1445
49	1446
50	1899
50	1900
51	2891
51	2892
51	2893
52	2414
52	2415
52	2415
52	2414
52	2416
53	4485
53	4486
54	376
54	377
54	378
54	378
54	377
54	376
55	4090
55	4091
55	4092
56	3729
56	3730
56	3731
56	3729
56	3731
57	998
57	999
58	2012
58	2013
58	2014
59	2050
59	2051
59	2052
60	2193
60	2194
61	2575
61	2576
61	2577
62	3632
62	3633
62	3634
63	1975
63	596
63	596
63	1975
63	1976
64	2632
64	2633
65	1159
65	1160
66	1549
66	1550
67	1325
67	1326
67	1259
67	1260
67	1261
67	1262
67	1263
67	1264
67	1265
67	1266
67	1267
67	1266
67	1268
68	1606
68	2831
69	3570
69	3571
70	4331
70	4332
70	4331
70	4332
70	4333
71	1848
71	1849
71	1850
72	3534
72	3535
72	3535
72	3534
72	3536
73	1573
73	1574
73	1575
74	2721
74	2722
74	2723
74	2722
74	2721
75	1569
75	1570
76	2290
76	2291
76	2292
76	2292
76	2290
77	2806
77	2807
78	226
78	227
78	228
79	3563
79	3564
80	1438
80	1439
80	1440
80	1439
80	1438
81	795
81	796
81	797
81	796
81	795
82	2229
82	2230
82	2231
82	2230
82	2229
83	1746
83	1747
84	3463
84	3464
85	3313
85	3314
85	3315
85	3314
85	3313
86	3007
86	3008
86	3008
86	3009
86	3009
86	3008
86	3007
87	627
87	628
88	1851
88	1852
89	644
89	645
89	646
90	764
90	765
91	1394
91	1395
91	1396
92	1792
92	1793
93	4198
93	4199
94	918
94	919
95	3437
95	3438
95	3439
95	3439
95	3438
96	1655
96	1656
97	4180
97	4181
97	4182
98	179
98	3459
99	4340
99	4341
100	3511
100	3512
101	2547
101	2548
102	1993
102	1994
102	1994
102	1993
102	1995
103	66
103	67
103	67
103	68
103	66
104	1883
104	1884
105	2860
105	2861
105	1593
106	115
106	116
107	2065
107	2066
107	2067
107	2067
107	2066
108	3226
108	3227
108	3228
108	3227
108	3226
109	186
109	187
109	188
109	187
109	186
110	399
110	400
110	401
111	4372
111	4373
111	1599
111	1599
111	4373
111	4372
112	3456
112	3457
112	3458
112	3457
112	3456
113	3685
113	3686
113	3687
114	1359
114	1360
115	1972
115	1973
115	1974
115	1972
115	1973
115	1974
116	2853
116	2854
117	3566
117	3567
118	3709
118	3710
118	3711
119	2992
119	2993
119	2994
119	2993
119	2992
120	402
120	403
121	3289
121	3290
121	3291
121	3291
121	3290
122	3599
122	3600
122	3601
122	3600
122	3599
123	85
123	86
124	1323
124	1324
125	336
125	337
126	3672
126	3673
126	3672
126	3673
127	344
127	345
127	346
128	504
128	505
129	1275
129	1276
130	2701
130	2702
130	2703
131	2401
131	2402
132	2376
132	2377
132	2378
132	2376
133	1735
133	1736
133	1737
133	1736
133	1735
133	1737
133	1735
134	2119
134	2120
134	2121
134	2121
134	2120
135	3449
135	2484
135	3450
136	2595
136	2596
137	1436
137	1437
138	1811
138	1812
139	1905
139	1906
140	2905
140	2906
140	2907
140	2907
140	2905
141	501
141	502
141	503
142	2916
142	2917
142	2918
143	2894
143	289
144	1122
144	1123
145	2031
145	2032
145	2033
145	2033
145	2032
145	2031
145	2033
145	2032
146	3058
146	3059
147	902
147	903
148	495
148	2057
148	2058
148	2057
148	495
149	4046
149	4047
150	485
150	486
150	487
150	485
150	486
151	4006
151	4007
151	4008
151	4009
151	4006
151	4007
151	4008
151	4009
152	3211
152	3212
153	3530
153	3531
153	3532
153	3533
153	3531
153	3530
154	2393
154	2394
154	2395
154	2396
155	2176
155	2177
155	2178
155	2179
155	2178
155	2177
155	2176
156	1688
156	1689
156	1690
156	1691
156	1688
157	3182
157	3183
157	3182
157	3184
157	3183
158	1349
158	1350
158	1350
158	1349
158	1351
158	1352
159	2047
159	2048
159	693
159	2049
160	2417
160	2418
161	1111
161	1112
161	1113
161	1114
162	372
162	373
163	1278
163	1279
163	1280
163	1106
164	4431
164	4432
164	4431
164	4433
165	1447
165	1448
165	1449
165	1448
165	1447
165	1450
165	1449
165	1450
166	1302
166	1303
166	1304
167	3465
167	3466
168	4427
168	4428
169	285
169	286
169	287
170	1386
170	1387
170	1388
170	1389
171	2001
171	2002
171	2003
171	2004
171	2001
171	2002
171	2003
172	551
172	552
173	2766
173	2767
173	2768
173	2769
174	986
174	987
175	1853
175	1854
175	1855
175	1856
176	4183
176	4184
176	4185
176	4186
176	4186
176	4185
176	4184
177	798
177	799
177	798
177	799
178	636
178	637
178	638
178	639
178	636
178	637
178	638
178	639
179	4420
179	4421
179	4422
179	4423
179	4423
179	4422
179	4421
179	4420
180	716
180	717
180	718
180	719
181	1717
181	1718
181	1719
181	1720
181	1719
181	1718
181	1717
182	2578
182	2579
183	224
183	225
184	410
184	411
184	410
184	411
184	412
184	413
185	4018
185	4019
185	4020
185	4021
186	1916
186	1917
187	4204
187	4205
188	904
188	905
188	906
188	907
189	647
189	648
189	649
189	650
189	650
189	647
190	3760
190	3761
190	3762
190	3763
191	3736
191	1514
191	3737
191	1514
192	925
192	926
192	927
193	1880
193	1881
193	1882
193	1880
193	1881
194	3053
194	3054
194	3055
194	3053
194	3054
194	2850
194	3055
194	3054
194	3053
195	3756
195	3757
195	3758
195	3759
196	2797
196	2798
196	2799
196	2798
196	2797
196	2800
197	1214
197	1215
197	1216
197	1217
198	1545
198	1546
198	1547
198	1548
199	1089
199	1090
199	1091
199	1092
199	1092
199	1091
199	1090
200	956
200	957
200	958
200	959
201	3764
201	3765
202	202
202	203
202	204
202	203
202	205
202	202
203	2567
203	2568
203	2569
203	2570
204	2839
204	2840
204	2841
204	2842
205	0
205	1
206	3528
206	3529
206	3528
206	3529
207	2963
207	2964
207	2965
208	476
208	477
208	478
208	479
209	3845
209	1427
209	3845
209	1427
209	3846
210	984
210	985
211	1862
211	1863
211	1864
211	1865
212	2663
212	2664
212	2665
212	2666
212	2666
212	2665
213	300
213	301
213	300
213	301
214	3868
214	3869
214	2485
214	3870
215	1571
215	1572
216	2253
216	2254
216	2255
216	2256
216	2256
216	2254
217	1103
217	1104
218	472
218	473
218	474
218	475
219	4100
219	4101
219	4102
220	2335
220	2336
220	2337
220	2338
220	2335
220	2336
220	2338
221	980
221	981
221	982
221	983
222	2865
222	2866
222	2867
222	2868
222	2867
222	2866
223	506
223	507
223	508
223	509
223	509
223	508
223	507
223	506
224	3643
224	3644
225	2673
225	2674
225	2675
225	2676
225	2676
225	2675
225	2674
225	2673
226	3753
226	3754
226	3755
226	3754
226	3755
227	3842
227	3843
227	3844
227	3842
227	3843
228	1063
228	1064
228	1065
228	1066
229	2510
229	2511
230	1692
230	1693
230	1694
230	1695
231	1661
231	1662
231	1663
232	4214
232	4215
232	4216
233	3712
233	3713
234	3504
234	3505
234	3506
234	3504
234	3505
234	3506
235	1491
235	1492
235	1493
235	1494
236	872
236	508
236	681
236	873
237	4483
237	4484
238	4407
238	4408
238	4409
238	4410
239	3521
239	3522
239	337
239	3523
240	3665
240	3666
240	3667
240	3668
240	3667
240	3666
240	3665
240	3666
240	3665
241	1155
241	1156
241	1157
241	1156
241	1157
241	1157
241	1158
241	1156
241	1155
242	3669
242	3670
242	1093
242	3669
242	1093
242	3670
242	3671
243	2869
243	2870
244	4424
244	4425
244	4426
244	4424
244	4425
244	4426
245	2433
245	2434
246	1513
246	1514
247	791
247	792
247	793
247	794
248	640
248	641
248	642
248	643
249	2947
249	2948
249	2949
249	2950
250	3827
250	3828
251	3200
251	950
251	3201
251	180
251	180
251	3201
251	950
252	374
252	375
253	210
253	211
253	212
253	213
254	3113
254	1859
254	3114
254	3115
255	1897
255	1898
256	3507
256	3508
256	3509
256	3510
257	3198
257	3199
258	3309
258	3310
258	3311
258	3312
259	2889
259	2890
260	3902
260	3903
260	3904
260	3903
260	3902
260	3905
261	1672
261	1673
261	1674
261	1675
262	3500
262	3501
262	3502
262	3503
262	3503
262	3500
263	4396
263	4397
264	2034
264	2035
264	2036
264	2037
265	1212
265	1213
266	3703
266	3704
267	2754
267	2755
267	2756
267	2755
267	2754
267	2757
268	33
268	34
268	34
268	33
268	35
268	36
268	36
268	33
268	34
269	3185
269	3186
269	1052
269	3186
269	3185
269	3187
270	3358
270	3359
270	3360
270	3361
271	4429
271	4430
271	4429
271	4430
272	2279
272	2280
272	2281
272	2282
273	3316
273	3317
273	3318
273	3319
273	3320
274	3899
274	3900
274	3901
275	2549
275	2550
275	2551
275	2552
275	2553
276	2271
276	2272
276	2271
276	2273
276	2274
277	2954
277	2955
278	469
278	470
278	469
278	471
279	1657
279	1658
279	1659
279	1660
279	1657
280	1532
280	1533
280	1534
281	2053
281	2054
281	2055
281	2056
282	1101
282	1102
282	1101
282	1102
283	3330
283	3331
283	3330
283	3331
283	3332
284	660
284	661
285	2331
285	2332
285	2333
285	2334
285	2293
285	2334
285	2333
286	1248
286	1249
287	1535
287	1536
287	1537
288	1594
288	1595
289	394
289	395
289	396
289	395
289	397
289	394
289	398
289	394
289	395
290	3429
290	3430
290	3429
290	3430
291	3913
291	3914
291	3915
291	3916
291	3917
291	3917
291	3916
291	3915
291	3914
291	3913
292	510
292	511
292	512
292	513
293	3705
293	3706
293	3707
293	3708
294	3292
294	3293
294	3294
295	2061
295	2062
295	2063
295	224
295	2064
295	224
295	2063
295	2062
295	2061
296	2384
296	2385
296	2386
296	2387
296	1176
297	3918
297	3919
298	4206
298	4207
298	4208
298	4209
299	3879
299	3880
299	3881
300	103
300	104
300	105
300	103
300	104
300	106
300	105
301	2484
301	2485
301	2486
301	2487
301	2488
302	3650
302	3651
302	3652
302	3653
302	3654
302	3654
302	3653
303	844
303	845
303	846
304	2384
304	4098
304	4099
305	1615
305	1616
305	1617
305	1618
305	1619
305	1616
305	1619
305	1615
305	1618
305	1617
305	1618
305	1619
306	3295
306	3296
306	3297
306	3298
306	3299
307	3206
307	3207
307	3208
307	3209
307	3207
307	3210
308	4124
308	4125
309	1857
309	1858
309	1859
309	1860
309	1861
309	1861
309	1859
309	1858
310	480
310	481
310	482
310	483
310	484
311	3984
311	3985
311	3986
311	3987
311	3988
312	1061
312	1062
313	4374
313	4375
314	2913
314	2914
314	2915
315	2972
315	2973
315	2974
315	2975
315	2976
316	1601
316	1165
316	1602
316	1603
316	1604
316	1604
316	1603
316	1602
316	1165
316	1601
317	1605
317	1606
317	1607
317	1606
318	3655
318	3656
318	3657
318	3658
319	3789
319	3790
319	3791
319	3792
319	3793
320	3355
320	3356
320	3357
320	1784
321	2871
321	2872
321	2873
321	2874
321	2875
321	2874
322	1755
322	1756
322	1757
323	156
323	157
323	158
323	159
323	160
324	1866
324	1867
324	1868
324	1868
324	1867
324	1866
324	1869
324	1870
325	3695
325	3696
325	3697
325	3697
325	3698
325	3696
325	3695
325	3699
326	1318
326	1319
326	1320
326	1321
326	1322
327	2807
327	4376
327	588
327	4377
327	4378
327	4378
327	4377
327	588
327	4376
327	2807
328	1058
328	1059
328	1060
329	2379
329	2380
329	2381
329	2382
329	2383
330	1962
330	1963
331	2100
331	2101
331	2102
331	2102
331	2103
331	2101
331	2104
331	2100
332	2585
332	2586
332	2585
332	2586
332	2587
333	2349
333	2350
333	2351
333	2352
333	2353
333	2353
333	2352
333	2351
333	2349
334	61
334	62
334	63
334	64
334	65
334	63
334	64
335	1487
335	1488
335	1489
335	1490
335	1487
335	1488
335	1489
336	3475
336	3476
336	3477
336	3478
336	3479
337	3784
337	3785
337	3786
337	3787
337	3788
338	1885
338	1886
339	2922
339	2277
340	434
340	435
340	436
340	437
340	438
341	3416
341	3417
341	3416
341	3417
341	3418
342	229
342	230
342	231
343	3131
343	3132
343	3133
344	2895
344	2896
344	2897
344	2898
345	865
345	866
345	867
345	868
345	869
346	1508
346	1509
346	1510
346	1511
346	1512
346	1512
346	1511
346	1510
346	1508
346	1512
346	1510
346	1508
347	3596
347	3597
347	3598
348	629
348	630
348	631
348	632
349	943
349	944
349	945
349	946
349	1476
349	1477
349	1478
349	1479
349	1480
349	1481
349	1482
349	1483
349	1484
350	662
350	663
350	664
350	665
350	666
351	2936
351	2937
351	1868
351	2938
351	2939
352	2372
352	2373
352	2374
352	2375
352	1138
352	1138
352	2372
352	2375
352	2373
353	2908
353	2909
353	2910
353	2909
353	2911
353	2912
353	2908
354	3003
354	3004
354	3005
354	3006
355	2426
355	2427
355	2428
356	2693
356	2694
356	2695
357	2985
357	2986
357	2985
357	2987
357	2986
357	2988
357	2989
358	2613
358	2614
358	2615
358	2616
358	2617
358	2617
358	2615
358	2613
358	2616
358	2614
359	464
359	465
359	466
359	467
359	468
360	1399
360	1400
360	1401
360	1402
361	2042
361	2043
361	2044
361	2045
361	2046
362	3504
362	4270
362	4271
362	4272
363	1527
363	1528
363	1529
363	1530
363	1531
363	1529
363	1528
364	1255
364	1256
364	1257
364	863
364	1258
365	733
365	734
365	735
365	736
365	737
365	734
365	737
365	736
365	735
365	733
366	1620
366	1621
366	1621
366	1622
366	1620
366	1623
366	1624
367	37
367	38
367	39
367	40
367	41
367	41
367	40
368	920
368	921
368	922
368	923
368	924
369	4282
369	4283
369	4284
369	4285
369	4286
369	4282
369	4283
369	4284
369	4285
369	4286
370	117
370	118
371	3180
371	3181
372	2820
372	2821
372	2822
372	2823
372	2820
372	2823
373	4466
373	4467
373	3286
373	4468
373	3286
373	4468
373	4469
373	4467
374	2388
374	2389
374	2390
374	2391
374	2389
374	2388
374	2392
375	1431
375	1432
375	1433
375	1434
375	1435
375	1433
375	1431
376	3460
376	3461
376	3462
377	3366
377	2485
377	3367
377	3368
377	3369
378	575
378	576
378	577
378	578
378	575
378	576
378	577
378	579
379	2186
379	2187
379	2188
379	2189
379	2190
380	389
380	390
380	391
380	392
380	393
381	687
381	688
381	689
381	690
381	691
382	1918
382	1919
382	1920
382	1919
382	1918
382	1921
382	1922
382	1922
382	1920
383	262
383	263
384	3137
384	3138
384	3139
384	3140
384	3137
384	3138
384	3139
385	3176
385	3177
385	3178
385	1228
385	3179
386	147
386	148
386	149
386	150
386	148
386	150
387	1936
387	1937
387	1938
387	1936
387	1937
388	4237
388	4238
388	4239
388	4240
388	4237
388	4238
389	3381
389	3382
389	3383
389	3384
389	3385
389	3384
390	4327
390	4328
390	4329
390	4330
390	4328
390	4329
390	4330
391	507
391	388
391	4394
391	4395
391	679
391	679
391	4394
391	507
391	4395
391	388
392	2397
392	2398
392	2399
392	2400
393	1137
393	1138
394	3979
394	3980
394	3981
394	3982
394	3982
394	3983
394	3981
394	3980
394	3979
395	3068
395	3069
395	3070
395	3070
395	3069
395	3068
395	3071
395	3072
396	3609
396	3610
396	3611
396	3612
396	3613
396	3611
396	3612
397	800
397	801
397	802
397	803
397	804
397	803
397	801
397	804
397	802
398	3920
398	3921
399	3834
399	3835
399	3836
399	3837
399	3838
400	3405
400	3406
400	3407
400	3408
400	3409
400	3409
400	3407
401	3568
401	3569
402	2843
402	2844
402	2845
402	2846
402	2847
402	2846
402	2844
402	2845
402	2843
403	1930
403	1931
403	1932
403	509
404	2782
404	2783
404	2784
404	2785
404	2785
404	2784
404	2783
404	2782
404	2786
405	854
405	1277
406	891
406	2545
406	2546
407	2758
407	2759
407	2760
408	1250
408	1251
408	1252
408	1253
408	1254
408	1252
409	144
409	145
409	146
409	144
409	145
410	3614
410	3615
411	4000
411	4001
411	4002
411	4003
411	4004
411	4005
411	4005
411	4004
411	4002
412	1310
412	1311
412	1312
412	1313
412	1314
412	1315
412	1312
412	1314
412	1311
412	1310
412	1313
413	3170
413	3171
413	3172
413	3173
413	3174
413	3175
413	3172
413	3171
413	3170
414	4067
414	4068
414	4069
414	4070
414	4071
414	4072
415	3271
415	3272
415	3273
415	3274
415	3275
415	3276
415	3276
415	3275
415	3273
415	3271
416	1558
416	1559
416	1560
416	1561
416	1558
416	1561
417	2990
417	2991
418	560
418	561
418	562
418	563
418	564
418	562
418	564
418	561
418	563
418	560
418	565
419	3922
419	3923
419	3924
419	3925
419	3925
419	3922
420	3410
420	3411
420	3412
420	3413
420	3414
420	3415
421	2307
421	2308
422	4287
422	4288
422	4289
422	4290
422	4289
422	4291
422	4292
422	4288
422	4287
423	3346
423	3347
423	3348
424	2816
424	2817
424	2818
424	2819
425	3202
425	3203
425	3204
425	3205
426	98
426	99
426	100
426	101
426	102
426	98
426	99
427	1124
427	1125
427	1126
427	1127
427	1128
427	1129
428	3370
428	3371
428	3372
428	3370
428	3371
428	3373
428	3374
428	3375
428	3374
428	3375
429	1000
429	1001
429	1002
429	1003
429	1003
429	1002
429	1001
429	1000
429	1004
429	1005
430	2634
430	2635
430	2636
430	2637
430	2638
431	1451
431	1452
431	1453
431	1454
431	1455
431	1456
432	1199
432	1200
432	1201
432	1202
432	1203
433	3036
433	3037
433	3038
433	3039
433	3040
433	3041
433	3041
433	3040
433	3038
433	3037
433	3036
433	3039
434	2095
434	2096
434	2097
434	2098
434	2099
434	2098
434	2096
434	2099
434	2097
434	2099
435	2734
435	2735
435	2736
435	2737
435	2738
435	2736
435	2738
435	2735
435	2734
435	2737
435	2739
436	4357
436	806
436	807
436	4358
436	4359
436	4357
436	806
436	807
436	4358
437	2761
437	2762
437	2763
437	2764
437	2763
437	2765
438	3977
438	3978
439	863
439	864
440	3714
440	3715
440	3716
440	3717
440	3715
440	3718
440	3719
440	3714
441	706
441	707
441	708
441	709
442	747
442	748
442	449
442	749
442	747
442	750
442	748
442	751
442	749
442	449
442	751
442	748
442	750
442	747
443	1499
443	1500
443	1501
443	1499
443	1502
443	1500
444	2
444	3
444	4
444	5
444	3
444	6
445	2157
445	2158
445	2159
445	2160
445	2159
445	2160
445	2161
446	4081
446	4082
446	4083
446	4084
446	4082
446	4085
446	4081
446	4086
447	136
447	137
447	138
447	139
447	140
447	137
447	138
448	351
448	352
448	353
448	354
448	355
448	356
449	1281
449	1282
449	1283
449	1284
449	1285
449	1286
450	1066
450	2813
450	2814
450	2815
451	4176
451	4177
451	4178
451	4179
452	2131
452	1750
452	177
452	4400
452	1750
452	177
452	4401
452	4402
452	4400
452	177
452	1750
452	2131
453	450
453	451
453	452
453	453
454	2504
454	2505
454	2506
454	2507
454	2508
454	2509
454	2506
454	2507
455	752
455	753
455	754
455	755
455	756
455	757
455	757
455	754
455	755
455	753
455	752
456	1666
456	1667
456	1668
456	1669
456	1670
456	1671
456	1666
456	1667
456	1668
456	1669
456	1670
456	1671
456	1671
456	1668
456	1666
457	421
457	422
457	423
457	424
457	425
457	426
457	424
457	426
457	423
457	422
457	425
457	421
458	1790
458	1791
459	183
459	184
459	185
460	197
460	198
460	199
460	200
460	201
461	1596
461	1597
461	1596
461	1598
461	1597
461	1599
461	1600
462	2059
462	2060
463	3349
463	3350
463	3351
463	3352
463	3353
463	3354
463	3354
463	3353
463	3349
464	153
464	154
464	155
464	154
464	155
465	3480
465	3481
465	3482
465	3483
465	3484
465	3482
465	3483
466	308
466	309
467	2563
467	2564
467	2565
467	2566
468	1441
468	1442
468	1443
468	1444
468	1441
468	1442
468	1443
468	1444
469	2199
469	2200
469	2201
469	2202
469	2203
470	214
470	215
470	216
470	217
470	214
470	215
471	2650
471	2651
471	2650
471	2651
471	2652
472	3088
472	3089
472	3090
472	3091
472	3092
472	1138
473	2519
473	2520
473	2521
473	2522
473	2523
473	2524
474	1836
474	1837
474	1838
474	1839
475	2618
475	2619
475	2619
475	2620
475	2621
475	2622
475	2623
475	2618
475	2618
475	2622
475	2619
475	2621
475	2620
476	727
476	728
476	729
476	730
476	731
476	732
476	730
476	731
476	732
476	728
476	727
476	731
476	730
476	729
477	3073
477	3074
478	2015
478	15
478	2016
478	2017
478	2018
478	2019
479	1074
479	1075
479	1076
479	1077
479	1078
479	1079
480	168
480	169
480	170
480	171
480	168
480	172
480	169
481	4040
481	4041
481	4042
481	4043
481	4044
481	4045
482	1610
482	1611
482	903
482	1612
482	903
482	1613
482	1611
482	1614
482	1610
483	674
483	675
483	676
483	677
484	2354
484	2355
485	76
485	3498
485	3499
485	3498
486	2498
486	2499
486	2499
486	2500
486	2498
486	2501
486	2502
486	2503
487	1353
487	1354
487	1355
487	1356
487	1357
487	1358
487	1357
487	1356
487	1353
488	404
488	405
488	406
488	407
488	408
488	409
488	407
488	406
488	409
488	405
488	404
489	87
489	88
489	89
489	90
489	91
489	92
489	92
489	91
489	90
489	88
490	557
490	3333
490	3334
490	1966
490	1966
490	3335
490	3334
490	3336
490	3333
490	557
491	2454
491	2455
491	2454
491	2456
491	2457
491	2455
491	2458
491	2457
492	590
492	591
492	592
492	593
492	593
492	594
492	591
492	595
492	592
492	590
493	1105
493	1106
493	1107
493	1108
493	1109
493	1108
493	1109
493	1110
494	2113
494	2114
494	2115
494	2116
494	2117
494	2118
494	2117
494	2115
494	2116
494	2114
494	2113
495	3102
495	3103
495	509
495	3104
495	1932
495	3105
495	509
495	1932
495	3105
496	55
496	56
496	57
496	58
496	59
496	60
497	1457
497	1458
497	1459
497	1460
497	1461
497	1462
497	1462
497	1461
497	1457
497	1459
497	1458
498	3847
498	3848
498	3849
498	3850
498	3851
498	3852
498	3850
498	3849
498	3852
498	3851
498	3848
498	3847
499	527
499	528
499	529
499	530
500	858
500	859
500	860
500	861
500	862
501	1316
501	1317
501	1316
501	1317
502	1910
502	1911
502	1912
502	1913
502	1914
502	1915
502	1915
502	1913
502	1912
502	1911
502	1910
502	1914
503	2899
503	2900
503	2901
503	2901
503	2900
503	2902
503	2903
503	2904
503	2899
504	2241
504	2242
504	2242
504	2243
504	2244
504	2245
504	2246
504	2241
504	2246
504	2245
504	2244
504	2243
505	4293
505	4294
505	4295
505	4293
505	4296
506	1933
506	1934
506	1935
507	2597
507	2598
507	2599
508	3932
508	3933
509	1944
509	1945
510	1700
510	1701
510	1702
510	1703
510	1700
510	1701
510	1702
510	1703
511	4103
511	4104
511	4004
511	4105
511	4106
511	4107
511	4106
511	4004
511	4105
511	4104
511	4103
512	3400
512	3401
512	3402
512	3403
512	3404
513	826
513	827
513	828
513	829
513	830
513	831
513	827
513	828
514	2491
514	2492
514	2493
514	2494
514	2495
514	2493
514	2494
515	2919
515	2920
516	4108
516	4109
516	4108
516	4110
516	4109
516	4111
516	4112
517	232
517	233
517	234
517	235
518	2107
518	2108
518	2109
518	2110
518	2111
518	2112
518	2109
518	2107
519	1093
519	1094
519	1095
519	1096
519	1097
519	1098
520	2777
520	2778
520	2779
520	2780
520	2781
521	3674
521	3675
521	3676
521	3677
521	1783
521	3678
522	3882
522	3883
522	3884
522	3885
522	3882
522	3883
522	3884
522	3885
523	236
523	237
523	238
523	239
524	2356
524	2357
524	2358
524	2359
524	2360
524	626
525	2257
525	2258
525	2259
525	2260
525	2261
525	2262
525	2259
525	2258
526	3974
526	3975
526	3976
527	758
527	759
527	760
527	761
527	762
527	763
528	1017
528	1018
528	1019
528	1020
528	1021
529	1139
529	1140
529	1141
529	1142
529	1143
529	1144
530	957
530	479
530	4165
530	4166
530	4165
530	4166
531	4297
531	4298
531	4299
531	4300
531	4301
531	4298
531	4302
531	4297
531	4302
531	4300
531	4301
531	4299
532	599
532	600
532	601
532	602
532	601
532	600
532	599
532	603
532	604
533	1758
533	1759
533	1760
533	1761
534	3393
534	3394
534	3395
534	3396
534	3397
534	3398
534	3399
534	3397
534	3396
534	3394
534	3393
535	218
535	219
535	220
535	221
535	222
535	223
536	3960
536	3961
536	3962
536	3961
537	1361
537	1362
537	1363
537	1364
537	1365
537	1366
538	2824
538	2825
538	2826
538	2827
538	2828
538	2829
538	2830
538	2829
538	2825
539	3813
539	3269
540	2474
540	2475
540	2476
540	2477
540	2478
541	1752
541	1753
541	509
541	1754
542	3549
542	3550
542	3551
542	3549
542	3551
542	1191
542	3552
542	1191
543	4352
543	4353
543	4354
543	4355
543	4356
543	4352
543	4353
543	4354
543	4355
543	4356
544	129
544	130
544	131
544	132
544	133
544	134
544	135
544	134
544	132
544	131
544	130
544	134
544	132
545	678
545	679
545	680
546	3627
546	3628
546	3629
546	3627
546	3628
546	3629
546	3630
546	3631
547	414
547	415
547	416
547	417
547	418
547	419
547	420
547	420
547	419
547	417
547	416
547	415
548	1551
548	1552
548	1553
548	1554
548	1555
548	1556
548	1557
549	1495
549	1496
549	1497
549	1498
550	784
550	785
550	786
550	786
550	787
550	785
550	784
550	788
550	789
550	790
550	790
550	787
550	789
550	788
551	2832
551	2833
551	2834
551	2835
551	2836
551	2837
551	2835
551	2834
551	2837
551	2833
551	2838
551	2836
551	2832
552	2848
552	2427
552	2849
552	2850
552	2851
552	2852
553	427
553	428
553	428
553	429
553	427
553	430
553	431
553	432
553	433
554	2223
554	2224
554	2225
554	2226
554	2227
554	2227
554	2226
554	2225
554	2224
554	341
554	2223
554	2228
555	2525
555	2526
555	2527
555	2528
555	2529
555	2530
555	2528
555	2526
555	2527
555	2531
555	2525
556	2247
556	2248
556	2125
556	2249
556	2250
556	2251
556	2248
556	2252
556	2247
557	2197
557	2198
558	2309
558	2310
558	2311
558	2312
558	2313
558	2314
558	2309
558	2313
558	2310
558	2311
558	2314
558	2312
559	1608
559	1609
560	1901
560	1902
560	1903
560	1904
561	1729
561	1730
561	1731
561	1732
561	1733
561	1731
561	1734
562	633
562	634
562	635
563	1295
563	1296
563	1297
563	319
563	320
563	321
563	322
563	323
563	324
563	325
563	326
563	327
563	326
563	325
563	323
563	324
563	322
563	326
563	323
564	3814
564	3815
564	3816
564	3817
565	720
565	721
565	722
565	723
565	724
565	725
565	726
565	723
565	722
565	721
565	720
565	726
565	725
565	724
566	71
566	72
566	73
566	74
566	71
566	73
566	72
566	75
566	76
566	72
566	75
566	77
566	77
566	73
567	96
567	97
568	967
568	968
568	969
568	970
568	971
568	972
568	973
568	973
568	970
568	969
568	967
569	1428
569	4010
569	1232
569	4011
570	748
570	1382
570	1383
570	1384
570	1385
571	580
571	581
571	582
571	583
572	2556
572	2557
572	2558
572	2559
572	2560
572	2561
572	2562
573	1288
573	3148
573	3149
573	3150
573	3151
573	3152
574	42
574	43
574	44
574	45
574	42
574	43
574	44
574	46
574	45
574	47
575	771
575	772
575	773
576	4093
576	4094
576	4095
576	4093
576	4096
576	4094
576	4097
576	4095
576	4093
576	4096
576	4094
577	1052
577	1053
577	1054
577	671
577	1055
577	1056
577	1057
577	1055
577	671
577	1053
577	1057
577	1056
577	671
577	1055
577	1053
577	1052
578	3134
578	3135
578	3134
578	3136
579	960
579	961
579	962
579	963
579	964
579	965
579	966
579	964
579	960
580	555
580	556
580	557
580	558
580	559
581	766
581	767
581	768
581	769
581	770
582	2169
582	2170
582	2171
582	2172
582	2173
582	2174
582	2175
582	2169
582	2170
582	2171
582	2172
582	2173
582	2174
582	2175
583	4060
583	4061
583	4062
583	3107
583	4063
584	1271
584	1052
584	1272
584	1273
584	1274
584	1271
584	1052
584	1272
584	1273
585	607
585	608
586	692
586	693
586	694
586	695
586	696
586	694
586	696
586	693
586	692
586	696
586	693
586	697
586	698
587	681
587	508
587	682
587	683
587	684
587	685
587	686
587	681
587	508
587	682
587	683
588	3546
588	3547
588	3548
589	699
589	700
589	699
589	700
589	701
589	702
589	703
589	704
589	705
590	2411
590	667
590	178
590	1590
590	671
590	2412
590	2413
590	2411
590	667
590	178
590	1590
590	671
590	2412
590	2413
591	3906
591	3907
591	3908
591	3909
591	3910
591	3911
591	3912
592	3221
592	3222
592	3223
592	3224
592	2265
592	3225
592	3221
592	3222
592	3223
592	3224
593	1210
593	1211
593	1210
593	1211
594	4241
594	4242
594	4241
594	4243
594	4244
594	4242
594	4245
594	4246
594	4243
594	4244
595	2687
595	2688
595	2689
595	2690
595	2691
595	2692
596	2732
596	2733
597	2532
597	2533
597	2534
597	2535
597	2533
597	2534
598	805
598	806
598	807
598	808
598	809
598	810
598	811
599	3645
599	3646
599	3647
599	3648
599	3649
600	2624
600	2623
600	2625
600	2626
600	2627
600	2628
600	2629
600	2624
600	2628
601	2180
601	2181
602	3622
602	3623
602	3624
602	3625
602	3625
602	3626
603	936
603	937
603	938
603	939
603	940
603	941
603	942
604	1197
604	1198
605	4386
605	4387
605	4388
605	2513
605	4389
606	3141
606	3142
606	3143
606	3144
606	3145
606	3146
606	3147
606	3147
606	3146
606	3145
606	3142
606	3141
606	3144
606	3143
607	3485
607	3486
607	1052
607	3487
607	2075
607	1138
607	3488
607	1138
607	2075
607	3487
607	1052
607	3485
608	2092
608	2093
608	2094
608	2092
608	2093
608	2094
609	3799
609	3800
609	3801
609	3802
609	3803
609	3804
609	3802
609	3803
610	2808
610	249
610	2809
610	2810
610	2811
610	2809
610	249
610	2808
610	2465
610	2812
611	3839
611	1750
611	3840
611	3841
612	738
612	739
612	739
612	738
612	740
612	741
612	742
612	743
612	744
612	744
612	743
612	742
612	740
612	743
612	742
613	4133
613	4134
613	4135
613	4136
614	819
614	820
614	821
614	822
614	823
614	824
614	825
614	825
614	823
614	822
615	539
615	540
615	541
615	542
615	543
615	544
616	3489
616	3490
616	3491
616	3492
616	3490
616	3493
617	2138
617	2139
617	2140
617	2141
617	2142
617	2143
617	2144
618	2791
618	2792
618	2793
618	2794
618	2795
618	2796
618	2791
618	2792
618	2793
619	2921
619	2922
619	2923
619	2924
619	2925
619	2926
619	2923
619	2927
619	2922
619	2925
620	1367
620	1368
620	1369
620	1370
620	1035
620	1371
620	1372
621	48
621	49
621	50
621	51
621	52
621	53
621	54
621	54
621	53
621	50
621	52
621	49
621	51
621	48
622	1540
622	1541
622	1542
622	1543
622	1540
622	1541
622	1542
622	1543
622	1544
622	1540
622	1474
622	1541
622	1542
623	1805
623	1806
623	1807
623	1808
623	1809
623	1810
623	1806
624	1819
624	1820
624	1821
624	1822
624	1823
624	1824
624	1825
625	1721
625	1722
625	1723
625	461
626	1115
626	1116
626	1117
626	1118
626	1119
626	1120
626	1121
626	1118
626	1116
626	1121
626	1120
626	1118
626	1116
626	1115
627	347
627	348
627	349
627	350
628	1179
628	3738
628	3739
628	3739
628	3740
628	386
628	3741
628	3742
628	3738
628	1179
628	3741
628	3740
629	1715
629	1716
630	2469
630	2470
630	2471
630	2472
630	2470
630	2473
631	338
631	339
631	340
631	338
631	341
631	342
631	343
631	340
632	1858
632	3826
633	206
633	207
633	208
633	209
634	1988
634	1989
634	1990
634	1991
634	1992
634	1991
635	4345
635	4346
635	4347
635	4348
635	4349
635	4350
635	4347
635	4351
636	2876
636	479
636	2876
636	2877
636	2878
636	479
636	2877
636	2878
637	3240
637	3241
637	3242
637	3243
638	947
638	948
638	947
638	948
639	4334
639	4335
639	4336
639	4337
639	4338
639	4339
640	3732
640	3733
640	2373
640	3734
640	3735
640	2373
640	3735
641	2429
641	2430
641	2431
641	2432
642	4036
642	4037
642	2132
642	4038
642	4039
643	4152
643	4153
643	4154
643	4155
643	4156
643	4157
643	4158
644	25
644	26
644	27
644	28
644	29
644	30
645	151
645	152
646	3794
646	3185
646	3795
646	3796
646	684
646	3185
646	3794
646	3797
646	3798
647	949
647	950
647	951
647	952
647	953
647	954
647	955
648	3323
648	3324
648	3325
648	3326
648	3327
648	3328
648	3329
649	1345
649	1346
649	1347
649	1346
649	1348
650	2647
650	2648
650	2649
650	2647
650	2648
651	18
651	19
651	20
651	21
651	22
651	23
651	24
652	2182
652	2183
653	1696
653	1697
653	1698
653	1699
654	3042
654	3043
655	4064
655	4065
655	4066
655	4064
655	4065
656	1709
656	1710
656	1711
656	1709
656	1710
656	1712
656	1713
656	1712
656	1714
656	1713
657	710
657	711
657	712
657	713
657	714
657	715
658	1704
658	1705
658	1706
658	1707
658	1708
659	1981
659	1982
659	1983
659	1984
659	1985
659	1986
659	1987
659	1983
659	1987
659	1982
659	1981
659	1986
659	1985
659	1984
660	4200
660	4201
660	4202
660	4203
661	78
661	79
661	80
661	81
661	82
661	83
661	79
661	81
661	82
661	78
661	80
661	83
661	82
661	84
661	81
661	80
661	79
661	78
662	264
662	265
662	266
662	267
662	268
662	269
662	270
662	265
662	268
663	3700
663	3701
663	3702
664	1925
664	1926
664	1927
664	1928
664	1929
665	2162
665	2163
665	2164
665	2165
665	2166
665	2167
665	2168
665	2168
665	2167
665	2166
665	2165
665	2164
665	2163
665	2162
666	1638
666	1639
666	1640
666	1641
666	1642
666	1643
666	1644
666	1640
666	1639
667	605
667	606
668	3602
668	3603
668	3604
668	3605
668	3606
668	3607
668	3608
668	3602
668	3603
668	3604
668	3605
668	3606
668	3607
668	3608
669	4162
669	4163
669	4164
670	3229
670	3230
670	3231
670	3232
670	3233
670	3234
670	3235
671	4187
671	4188
671	4189
671	4190
671	4191
671	4192
671	4193
671	4192
671	4190
671	4189
671	4188
671	4187
672	840
672	841
672	842
672	843
673	849
673	850
673	851
673	852
673	853
673	854
673	855
673	852
673	851
673	849
674	3188
674	3189
674	3190
674	3191
674	3192
674	3193
674	3188
674	3190
674	3191
675	3060
675	3061
675	3062
675	3063
675	3064
675	3065
675	3066
675	3067
676	2344
676	2345
676	2346
676	2347
676	2348
677	2446
677	2447
677	2448
677	2449
677	2450
677	2451
677	2452
677	2453
677	2452
677	2449
677	2448
677	2447
677	2446
678	3616
678	3617
678	3618
678	3619
678	3620
678	3621
679	141
679	142
679	143
680	2479
680	2480
680	2481
680	2482
680	2483
681	4342
681	4343
681	4344
682	928
682	929
682	930
682	931
682	932
682	933
682	934
682	935
682	934
682	933
682	932
682	928
683	1403
683	1404
683	1405
683	1406
683	1407
683	1404
683	1403
683	1408
683	1409
683	1410
683	1410
683	1409
683	1408
683	1407
683	1406
683	1405
684	4303
684	4304
684	4305
684	4306
684	4303
684	4304
684	4305
684	4307
684	4308
684	4309
685	3860
685	3861
685	3862
685	3863
685	3864
685	3865
685	3866
685	3863
685	3864
685	3866
685	3867
686	913
686	914
686	915
686	916
686	917
687	2740
687	2741
687	2742
687	2740
687	2741
687	2743
687	2744
688	2263
688	2264
688	2265
688	2263
688	2264
688	2266
688	2267
688	2268
688	2269
688	2270
689	2283
689	2284
689	2285
689	2286
689	2287
689	2288
689	2289
689	2285
689	2287
690	596
690	597
690	598
691	2630
691	2631
692	908
692	909
692	910
692	911
692	912
693	3494
693	3495
693	3496
693	3497
694	3635
694	3636
694	3637
694	3638
694	3639
694	3640
694	3641
694	3642
694	3637
694	3638
694	3639
694	3640
694	3642
695	2667
695	2668
695	2669
695	2670
695	2671
695	2672
696	812
696	813
696	812
696	814
696	813
696	815
696	816
696	817
696	818
697	3659
697	3660
697	3661
697	3662
697	3663
697	3661
697	3664
697	3659
698	1762
698	1763
698	1763
698	1764
698	1765
698	1766
698	1767
698	1762
698	1768
698	1769
699	2403
699	2404
699	2405
699	2406
699	2407
699	2408
699	2409
699	2410
699	2403
699	2404
699	2405
699	2406
699	2409
699	2405
699	2406
699	2407
699	2409
700	3376
700	3377
700	3378
700	3379
700	3380
701	1161
701	1162
701	1163
701	1164
701	1165
702	2386
702	1177
702	2977
702	2978
703	2007
703	2008
703	2009
703	2008
703	2010
703	2011
703	2009
704	3467
704	3468
704	3469
704	3470
704	3468
704	3471
704	3472
704	3473
704	3467
704	3474
704	3468
704	3470
704	3469
704	3470
704	3469
705	1748
705	1749
705	1750
705	1751
705	622
705	1748
706	3892
706	3893
706	3894
706	3895
706	3896
706	3892
706	3893
706	3894
706	3895
707	1946
707	1947
707	1948
707	1949
707	1950
707	1951
707	1950
707	1952
707	1953
708	2940
708	2941
708	2437
708	2942
708	2943
708	2944
708	2945
708	2940
708	2943
708	2437
708	2946
709	2315
709	2316
709	2317
709	2318
709	2319
709	2315
709	2316
709	2317
709	2320
710	4368
710	4369
710	4370
710	4371
711	1676
711	1677
711	1678
711	1679
711	1678
711	1679
711	1680
711	1681
711	1682
712	619
712	620
712	621
712	622
712	623
712	624
712	625
712	626
713	1738
713	1739
713	1740
713	1741
713	1742
713	1743
713	1744
713	1745
713	1742
713	1743
713	1744
713	1745
714	4194
714	4195
715	3258
715	3259
715	3260
715	3261
715	3262
715	3263
715	3264
715	3265
715	3265
715	3264
715	3263
715	3262
715	3261
715	3260
715	3259
715	3258
715	3258
715	3259
715	3260
715	3262
715	3263
715	3264
715	3265
716	248
716	249
716	250
716	251
716	252
716	249
716	250
716	251
717	1305
717	1306
717	1307
717	1308
717	1309
718	296
718	297
718	298
718	299
719	1562
719	1563
719	1564
719	163
719	1565
719	1566
719	1567
719	1568
720	2435
720	2436
720	2437
720	2438
720	2439
720	2440
720	2438
720	2437
721	1996
721	1997
721	1998
721	1999
721	2000
722	2770
722	2771
722	765
722	2772
722	2773
722	2774
722	2775
722	2776
722	2776
722	2772
722	2774
722	765
723	3125
723	3126
723	3127
723	3128
723	3129
723	3130
723	3128
723	3129
723	3130
724	584
724	585
724	586
724	587
724	588
724	589
725	1964
725	1965
725	1966
725	1967
725	1968
725	1969
725	1970
725	1971
725	1970
725	1969
725	1971
725	1968
725	1965
726	3118
726	3119
726	3120
726	3121
726	3122
726	3123
726	3120
726	3122
726	3121
726	3124
726	3123
727	2145
727	2146
727	2147
727	2148
728	4232
728	4233
728	2704
728	4234
728	4235
728	4236
729	288
729	289
729	288
729	289
729	290
729	291
729	291
729	290
729	292
729	289
729	293
729	294
729	295
729	288
730	1503
730	1504
730	1505
730	1506
730	1507
730	1503
730	1506
731	1240
731	1241
731	1242
732	1130
732	1131
732	1132
732	1133
732	1134
732	1135
732	348
732	348
732	1135
732	1134
732	1133
732	1132
732	1131
732	1130
732	1136
733	2024
733	2025
733	2026
733	2027
733	2028
733	2029
733	2024
733	2028
733	2025
733	2030
733	2029
733	2026
733	2027
734	1298
734	1299
734	1300
734	1301
735	1633
735	1634
735	1635
735	1636
735	1637
736	2130
736	2131
736	2132
736	2133
736	2134
736	2135
736	2136
736	2137
736	2136
736	2132
737	189
737	190
737	191
737	192
737	190
737	189
737	193
737	194
737	192
737	195
737	196
737	191
738	2215
738	2216
738	2217
738	2218
738	2219
738	2220
738	2220
738	2219
738	2218
738	2221
738	2217
738	2222
738	2216
738	2215
738	2222
738	2218
739	4210
739	4211
739	4212
739	4213
739	4211
740	1223
740	1224
740	1225
740	1226
740	1227
740	1228
740	1229
740	548
740	1228
740	1227
740	1225
740	1224
740	1223
741	1770
741	1771
741	385
741	1772
741	385
741	1773
741	1770
742	4441
742	4442
742	4443
742	4444
743	357
743	358
743	359
743	360
743	361
743	362
743	363
744	2606
744	2607
744	2608
744	2609
744	2610
744	2611
744	2612
745	2862
745	2863
745	2864
746	2928
746	2929
746	2930
746	2931
746	2932
746	2933
746	2934
746	2935
746	2935
746	2934
746	2933
746	2931
746	2930
746	2929
747	3425
747	3426
747	3427
747	3428
747	3425
747	3426
748	2884
748	2885
748	2886
748	2887
748	2888
749	899
749	900
749	901
750	667
750	2696
750	2697
750	2698
750	2696
750	2699
750	2697
750	2700
750	2696
750	2699
751	271
751	272
751	273
751	274
751	275
751	276
751	277
751	278
751	278
751	274
751	273
751	272
751	271
751	277
751	275
751	274
752	545
752	546
752	547
752	548
752	545
752	549
752	550
752	546
753	2787
753	2788
753	2789
753	2790
753	2787
753	2788
753	2789
753	2790
754	302
754	303
754	302
754	304
754	305
754	306
754	307
754	303
755	4364
755	4365
755	4366
755	4367
756	1166
756	1167
756	1168
756	1169
756	1170
757	1171
757	1172
757	703
757	1173
757	1174
757	1171
757	1172
757	1173
757	1174
757	1175
757	1171
757	1172
757	1176
757	1177
757	703
758	2512
758	2513
758	2514
758	2515
758	2516
758	2517
758	2518
758	2514
759	3871
759	3872
759	3873
759	3871
759	3872
759	3873
759	3874
759	3875
759	3876
759	3877
759	3873
759	3877
759	3876
759	3875
759	3878
759	3872
759	3874
759	3871
759	3874
759	3876
760	2020
760	2021
760	2022
760	2023
761	3944
761	3945
761	3946
761	3947
761	3948
761	3949
761	3950
761	3949
761	3947
761	3948
761	3946
761	3945
761	3951
761	3944
762	446
762	447
762	448
762	449
763	2724
763	2725
763	2726
763	2727
763	2728
763	2729
763	2730
763	2731
764	974
764	975
764	976
764	977
764	978
764	979
765	1683
765	1684
765	1685
765	1686
765	1687
766	2204
766	2205
766	2206
767	456
767	457
767	458
767	459
767	460
767	456
767	461
767	457
767	462
767	463
767	461
767	463
768	10
768	11
768	12
768	13
768	14
768	15
768	16
768	17
769	3989
769	3990
769	3991
769	3992
769	3993
769	3994
770	240
770	241
770	242
770	243
770	244
770	245
770	246
770	247
770	245
770	246
770	247
771	1625
771	1626
771	1627
771	1628
771	1629
771	1627
771	1630
771	1629
771	1628
771	1631
771	1632
771	1630
771	1627
771	1626
771	1625
772	4247
772	4248
772	4249
772	4250
772	4251
772	4252
772	4250
772	4251
772	4252
773	825
773	4360
773	4361
773	825
773	4360
773	4361
773	4362
773	4363
774	3818
774	3819
774	3820
774	3821
774	3822
774	3823
774	3824
774	3825
775	3952
775	3953
775	3954
775	3955
775	3956
775	3957
775	3958
775	3959
776	1043
776	1044
776	1045
776	1046
776	1047
776	1048
776	1049
776	1050
776	1051
776	1051
776	1048
776	1045
776	1046
776	1043
777	4217
777	4218
777	4219
777	4220
777	4221
777	4222
777	4223
777	4224
777	4225
777	4221
777	4220
777	4219
777	4218
777	4225
777	4222
778	2855
778	2856
778	2857
778	2858
778	2859
779	2956
779	2957
779	2958
779	2959
779	2960
779	2961
779	2956
779	2962
779	2957
779	2958
779	2959
780	2536
780	2537
780	2537
780	2538
780	2539
780	2540
780	2541
780	2542
780	2543
780	2544
780	2536
780	2544
780	2542
780	2541
780	2539
780	2538
781	3886
781	3887
781	3886
781	3887
781	3888
781	3889
781	3890
781	3891
782	4012
782	4013
782	4014
782	4015
782	4016
782	2042
782	4017
782	4013
782	4014
783	888
783	889
783	890
783	891
783	289
783	892
783	890
783	891
783	289
784	3805
784	3806
784	1320
784	3807
784	3808
784	3809
784	3810
784	3811
784	3812
784	3806
784	3805
784	3809
784	3808
784	3807
784	3805
784	3806
784	3812
784	3811
785	3513
785	3514
785	3515
785	3516
785	3517
785	3518
785	3519
785	3520
786	488
786	489
786	490
786	491
786	492
786	493
786	494
786	495
786	496
787	2518
787	2879
787	2880
787	2881
787	2882
787	2883
787	2518
787	2879
787	2880
787	2881
787	2882
787	2883
788	310
788	311
788	312
788	313
788	314
788	315
788	314
788	312
788	311
788	316
788	317
788	313
788	318
788	310
789	1520
789	1521
789	1522
789	1523
789	1524
789	1525
789	1526
790	4319
790	4320
790	4321
790	4322
790	4323
790	4324
790	4325
790	4326
791	3093
791	3094
791	3095
791	3096
791	3097
791	3098
791	3099
791	3100
791	3101
791	3101
791	3099
791	3096
791	3097
791	3095
791	3094
791	3093
792	4411
792	4412
792	4413
792	4414
792	4415
792	4416
792	4417
792	4418
792	4419
793	1954
793	1955
793	1956
793	1957
793	1954
793	1958
793	1959
793	1955
793	1954
793	1958
793	1960
793	1957
793	1956
793	1961
793	1955
793	1646
793	1959
793	1958
793	1954
794	3588
794	3589
794	3590
794	1540
794	3591
794	3592
794	3593
794	3594
794	3595
794	3589
794	3588
795	1840
795	1841
795	1842
795	1840
795	1841
795	1842
795	1843
795	1844
795	1843
795	1845
795	1843
795	1846
795	1844
795	1847
796	4126
796	4127
796	178
796	4128
796	4129
796	4126
796	4127
796	4130
796	178
796	4128
796	4131
796	4129
797	3440
797	3441
797	3442
797	3443
797	3444
797	3445
797	3446
797	3443
797	3447
797	3442
797	3448
797	3441
797	3440
798	1923
798	1924
799	3075
799	3076
799	3077
799	3078
799	3079
800	439
800	440
800	441
800	442
800	443
801	1858
801	2370
801	2371
802	3010
802	3011
802	3012
802	3013
802	3014
802	3015
802	3016
802	3017
802	3018
802	3010
802	3011
802	3013
802	3014
802	3015
803	1813
803	1814
803	1815
803	1816
803	1813
803	1817
803	1818
803	1817
804	4058
804	4059
805	1977
805	1978
805	1979
805	1980
806	651
806	652
806	653
806	654
806	655
806	656
806	657
806	658
806	659
807	3027
807	3028
807	3029
807	3030
807	3031
807	3032
807	3033
807	3034
807	3035
807	3027
807	3028
807	3029
807	3030
807	3031
807	3032
807	3033
807	3034
807	3035
808	3995
808	1277
808	3996
808	3997
808	3998
808	3999
809	7
809	8
809	9
810	3775
810	3776
810	3777
810	3778
810	3779
810	3780
810	3781
810	3782
810	3783
811	1218
811	1219
811	1220
811	1218
811	1221
811	1219
811	1220
811	1222
812	4226
812	4227
812	4228
812	785
812	4229
812	4230
812	4226
812	4227
812	4228
812	785
812	4229
812	4230
812	4231
812	3769
813	1336
813	1337
813	1338
813	1339
813	1340
813	1341
814	1467
814	1468
814	1469
814	1470
814	1471
814	1472
814	1473
814	1474
814	1475
815	4457
815	4458
815	4459
815	4460
815	4461
815	4462
815	4463
815	4464
815	4462
815	4461
815	4460
815	4465
815	4464
815	4459
815	4463
815	4458
815	4457
816	4310
816	4311
816	4312
816	4313
816	4314
816	4315
816	4316
816	4310
816	4311
816	4312
816	4313
816	4314
816	4315
816	4316
816	4310
816	4311
816	4312
816	4314
816	4315
816	4316
816	4317
816	4318
817	328
817	329
817	330
817	331
817	332
817	333
817	332
817	333
817	328
817	329
817	330
817	331
817	334
817	335
818	1798
818	1799
818	1800
818	1801
818	1802
818	1803
818	1804
818	1798
818	1799
818	1801
818	1800
818	1804
819	3853
819	3854
819	3855
819	3856
819	3857
819	3858
819	3859
820	3
820	1907
820	1908
820	1909
821	3829
821	3830
821	3831
821	3832
821	3833
822	4137
822	4138
822	4138
822	4139
822	4140
822	4141
822	4137
822	4142
822	4143
822	4144
822	4145
822	4145
822	4143
822	4141
822	4140
822	4139
823	3555
823	3556
823	3557
823	3558
823	3559
823	3560
823	3561
823	3562
824	3080
824	3081
824	3082
824	3083
824	3084
824	3085
824	3086
824	3080
824	3082
824	3087
824	3083
824	3087
824	3084
824	3086
825	1781
825	1782
825	1783
825	1784
825	1785
825	1786
825	1787
825	1788
825	1789
825	1787
825	1784
825	1788
825	1781
826	2639
826	2640
826	2641
826	2642
826	2643
826	2644
826	2645
826	2646
827	4159
827	4160
827	4161
828	253
828	254
828	255
828	256
828	257
828	258
828	259
828	260
828	261
828	258
828	257
828	256
828	255
828	254
828	253
829	3431
829	3432
829	3433
829	3434
829	3435
829	3436
830	2745
830	2746
830	2747
830	2748
830	2749
830	2750
830	2751
830	2752
830	2753
830	2753
830	2752
830	2751
831	2951
831	2769
831	1661
831	621
831	2952
831	2953
831	2769
831	1394
832	2207
832	2208
832	2207
832	2208
832	2209
832	2210
832	2211
832	2212
832	2213
832	2214
833	1515
833	1516
833	1517
833	1518
833	1516
833	1518
833	1515
833	1516
833	1517
833	1518
833	1519
834	2122
834	2123
834	2124
834	2125
834	2126
834	2127
834	2128
834	2126
834	2129
834	2127
834	2128
834	2126
834	2122
834	2124
834	1326
834	2127
834	2128
834	2125
835	379
835	380
835	381
835	382
835	383
835	177
835	384
835	385
835	385
835	384
835	382
835	386
835	177
835	381
835	380
835	379
835	383
836	3688
836	3689
836	3690
836	3281
836	3691
836	3692
836	3693
836	3694
837	3300
837	3301
837	3302
837	3303
837	3304
837	3305
837	3306
838	2588
838	2589
838	2590
838	2591
838	2592
838	2593
838	2594
839	2712
839	2713
839	2714
839	2715
839	2716
839	2717
839	2713
839	2714
839	2715
839	2718
839	2719
839	2720
840	1067
840	1068
840	1069
840	1070
840	1071
840	1067
840	1072
840	1073
841	4472
841	4473
842	3236
842	3237
842	3238
842	3239
843	3244
843	3245
843	3244
843	3245
843	3246
843	3247
843	3248
844	4146
844	4147
844	4148
844	4149
844	4150
844	4151
845	2995
845	2996
845	2997
845	2998
845	2999
845	2995
845	2996
845	3000
845	3001
845	2997
845	2998
845	3002
845	2999
845	2995
845	2996
845	3000
845	3001
845	2997
845	2998
845	3000
845	3001
846	3926
846	3927
846	3928
846	3929
846	3930
846	3931
847	4113
847	4114
847	4115
847	4116
847	4117
847	4118
847	4119
847	4120
847	4120
847	4119
847	4118
847	4117
847	4116
847	4115
847	4121
847	4114
847	4113
848	514
848	515
848	516
848	517
848	518
848	519
848	514
848	520
848	515
848	516
848	517
848	518
848	514
848	516
848	517
848	518
849	2419
849	2420
849	2421
849	2422
849	2423
849	2424
849	2425
850	3044
850	3045
850	3046
850	3047
850	3048
850	3049
850	3050
850	3051
850	3047
850	3051
850	3050
850	3052
850	3046
850	3045
850	3044
850	3049
850	3048
850	3048
850	3049
850	3044
850	3045
850	3046
850	3050
850	3051
850	3047
851	1287
851	1288
851	1289
851	1290
851	1287
851	1291
851	1292
851	1289
851	1293
851	1294
852	4470
852	4471
853	364
853	365
853	366
853	367
853	368
853	369
853	370
853	371
854	2149
854	2150
854	2151
854	950
854	2150
854	2152
854	2153
854	2154
854	2151
854	950
854	2155
854	2156
855	3679
855	3680
855	3681
855	3682
855	3683
855	3684
856	2339
856	2340
856	2341
856	2342
856	2343
857	4253
857	4254
857	4255
857	4256
857	4257
857	4258
857	4259
857	4260
857	4261
857	4255
857	4254
857	4261
857	4253
858	1080
858	1081
858	1082
858	1083
858	1084
858	1085
858	1086
858	1087
858	1088
858	1080
858	1082
858	1083
859	1411
859	1412
859	1413
859	1414
859	1415
859	1416
860	2801
860	2802
860	2803
860	2804
860	2805
861	3537
861	3538
861	3539
861	3540
861	3541
861	3542
861	3543
861	3544
861	3545
862	2232
862	2233
862	2234
862	2235
862	2236
862	2237
862	2238
862	2239
862	2240
862	2237
862	2238
862	2240
863	566
863	567
863	568
863	569
863	570
863	571
863	572
863	573
863	574
863	567
863	568
863	569
863	572
864	2361
864	2362
864	2361
864	2362
864	2363
864	2364
864	2365
864	2366
864	2367
865	4474
865	4475
865	4476
865	4477
865	4478
865	4479
865	4480
865	4481
865	4475
865	4482
865	4479
865	4478
865	4477
865	4474
865	4481
865	4480
865	4476
866	2084
866	2085
866	2086
866	2087
866	2088
866	2089
866	2090
866	2086
866	2091
866	2087
867	1871
867	1872
867	1873
867	1874
867	1875
867	1876
867	1877
867	1878
867	1879
867	1879
867	1878
867	1877
867	1876
867	1873
867	1874
867	1872
867	1871
868	1034
868	1035
868	1036
868	1037
868	1038
868	1039
868	1040
868	1041
868	1042
868	1034
868	1041
868	1042
869	531
869	532
869	533
869	534
869	535
869	536
869	537
869	531
869	532
869	533
869	538
869	534
869	535
869	536
870	3249
870	3250
870	3251
870	3252
870	3253
870	2752
870	3254
870	3254
870	3253
870	3252
870	3251
870	3250
870	3249
870	2752
870	3255
870	3256
870	3257
871	3161
871	3162
871	3163
871	3164
871	3165
871	3166
871	3167
871	3163
871	3164
871	3165
871	3166
871	3168
871	3169
872	4048
872	4049
872	4050
872	4051
872	4052
872	4050
872	4052
872	4053
872	4054
872	4053
872	4055
872	4054
872	4056
872	4057
873	1145
873	1146
873	1147
873	1148
873	1149
873	1150
873	1151
873	1152
873	1153
873	1154
874	2496
874	2497
875	2038
875	2039
875	2040
875	2041
876	3746
876	3747
876	2384
876	3748
876	3746
876	3747
876	2384
876	3749
876	3750
876	3748
876	3751
876	3748
876	3747
876	3752
877	1826
877	1827
877	1828
877	1829
877	1830
877	1831
877	1832
877	1833
877	1834
877	1835
878	988
878	989
878	990
878	991
878	992
878	993
878	994
878	995
878	996
878	992
878	997
878	991
878	996
878	990
878	995
878	989
878	994
878	993
878	988
879	3337
879	3338
879	3339
879	3340
879	3341
879	2293
879	3342
879	3343
879	3344
879	3344
879	3343
879	3345
879	3342
879	2293
879	3339
879	3338
879	3341
879	3340
879	3337
880	1230
880	1231
880	1232
880	1233
881	1724
881	1725
881	1726
881	1727
881	1728
882	1463
882	1464
882	1465
882	1466
883	2321
883	2322
883	2323
883	2324
883	2325
883	2326
883	2327
883	2328
883	2329
883	2330
883	2321
883	2322
883	2323
883	2324
883	2325
883	2326
883	2327
883	2328
883	2329
883	2330
884	2704
884	2705
884	2706
884	2707
884	2707
884	2325
884	2706
884	2705
884	2708
884	2709
884	2704
884	2710
884	2562
884	2711
885	3106
885	3107
885	3108
885	3109
885	3110
885	3111
885	3112
885	3106
885	3112
885	3108
885	3109
885	3111
886	1645
886	1646
886	1647
886	1648
886	1649
886	1645
886	1646
886	1647
886	1650
886	1651
886	1652
886	1648
886	1649
886	1653
886	1654
887	3766
887	3767
887	3768
887	3769
887	3770
887	3771
887	3772
887	3773
887	3774
888	3578
888	3579
888	3580
888	3581
888	3582
888	3583
888	3584
888	3585
888	3586
888	3587
889	2600
889	2601
889	2602
889	2603
889	2604
889	2605
889	2601
889	2602
890	1327
890	1328
890	1329
890	1330
890	1331
890	1332
890	1333
890	1334
890	1335
891	4262
891	4263
891	4264
891	4265
891	4266
891	4267
891	4268
891	4269
891	4268
891	4269
892	205
892	521
892	522
892	523
892	524
892	525
892	522
892	523
892	526
893	893
893	894
893	895
893	896
893	897
893	898
894	3524
894	3525
894	3526
894	3527
895	1774
895	1775
895	1776
895	1777
895	1613
895	1778
895	1779
895	1780
896	3213
896	3214
896	3215
896	3216
896	3217
896	3218
896	3219
896	3220
897	2653
897	2654
897	2655
897	2656
897	2657
897	2658
897	2659
897	2660
897	2661
897	2662
897	2660
897	2659
897	2657
897	2656
897	2655
898	3386
898	3387
898	3388
898	3389
898	3390
898	3386
898	3387
898	3388
898	3390
898	3391
898	3392
899	161
899	162
899	163
899	164
899	163
899	164
899	165
899	166
899	167
900	3019
900	3020
900	3021
900	3022
900	3023
900	3024
900	3025
900	3026
900	2322
901	3362
901	3363
901	3364
901	3365
902	667
902	668
902	669
902	670
902	671
902	672
902	178
902	673
902	667
902	668
902	669
902	670
902	671
902	672
902	673
903	4073
903	4074
903	4075
903	4076
903	4077
903	4078
903	4079
903	4080
904	119
904	120
904	121
904	122
904	123
904	124
904	125
904	126
904	127
904	128
904	128
904	127
904	126
904	125
904	121
904	119
904	123
904	120
904	124
904	123
905	1417
905	1418
905	1419
905	1420
905	1421
905	1422
905	1423
905	1419
905	1424
905	1418
905	1425
905	1417
905	1422
905	1426
905	1421
905	1420
906	1188
906	1189
906	1190
906	1191
906	1192
906	1193
906	1194
906	1195
906	1193
906	1190
906	1196
906	1189
906	1188
906	1192
906	1195
906	1191
906	1194
906	622
907	3743
907	2807
907	3744
907	3745
908	1576
908	1577
908	1578
908	1579
908	1580
908	1581
908	1579
908	1582
908	1580
909	3277
909	3278
909	3279
909	3280
910	774
910	775
910	776
910	777
910	778
910	779
910	780
910	781
910	779
910	780
910	781
910	778
910	777
910	776
910	781
910	782
910	780
910	779
910	775
910	783
910	774
910	774
910	776
910	777
910	778
911	3572
911	3573
911	3574
911	3575
911	3573
911	3576
911	3577
912	3553
912	3554
913	832
913	833
913	834
913	832
913	833
913	834
913	835
913	836
913	833
913	835
913	836
913	837
913	838
913	839
914	93
914	94
914	95
915	3266
915	3267
915	3268
915	3269
915	3270
916	1243
916	1244
916	1245
916	1246
916	1247
917	1427
917	1428
917	1429
917	1428
917	1430
917	1429
918	4379
918	4380
918	4381
918	4382
918	4383
918	4384
919	4434
919	4435
919	4436
919	4437
919	4436
919	4438
919	4437
919	4438
919	4439
919	4440
920	2459
920	2460
920	2461
920	2462
920	2463
920	2464
921	173
921	174
921	175
921	176
921	177
921	178
921	179
921	180
921	181
921	182
921	181
921	179
921	177
921	173
922	609
922	610
922	611
922	612
922	613
922	614
922	615
922	616
922	617
922	618
922	618
922	615
922	614
922	613
922	611
922	609
923	4273
923	4274
923	4275
923	4276
923	4274
923	4277
923	4278
923	4276
923	4279
923	4273
923	4280
923	4281
923	4275
923	2791
924	1887
924	1888
924	1889
924	1890
924	1891
924	1888
924	1887
924	1892
924	1893
924	1894
924	1895
924	1896
924	1896
924	1889
925	2293
925	2294
925	2295
925	2296
925	2297
925	2298
925	2295
925	2296
926	678
926	3281
926	3282
926	3283
926	3284
926	3285
926	3286
926	3287
926	3288
927	497
927	498
927	499
927	500
928	2465
928	873
928	2466
928	2467
928	2468
929	279
929	280
929	281
929	282
929	283
929	284
930	508
930	2078
930	2079
930	2080
930	2081
930	2082
930	2083
931	4445
931	4446
931	4447
931	4448
931	4449
931	4449
931	4448
931	4450
931	4451
931	4452
931	4447
931	4453
931	4454
931	4446
931	4445
932	1024
932	1025
932	1026
932	1027
932	1028
932	1029
932	1030
932	1029
932	1025
932	1024
932	1028
932	1027
932	1031
932	1026
932	1032
932	1033
933	1390
933	1391
933	1392
933	1393
934	1099
934	1100
935	2068
935	2069
935	2069
935	2070
935	2071
935	2068
935	2072
935	2073
935	2070
935	2069
935	2068
935	2071
935	2074
935	2075
935	2076
935	2077
936	1178
936	1179
936	1180
936	1179
936	1181
936	1182
936	1183
936	1184
936	1185
936	1186
936	1178
936	1187
936	1187
936	1185
936	1184
936	1180
936	1178
936	1179
936	1185
936	1184
936	1183
936	1182
937	2299
937	2300
937	2301
937	2302
937	2303
937	2304
937	856
937	2305
937	2306
937	2263
937	2305
937	2263
938	2275
938	2276
938	2277
938	2278
939	4087
939	3504
939	4088
939	4089
940	1939
940	1940
940	1941
940	1942
940	1943
941	3451
941	3452
941	3453
941	3454
941	3454
941	3455
942	1373
942	1374
942	1375
942	1376
942	1377
942	1378
942	1379
943	3419
943	3420
943	3421
943	3422
943	3423
943	3424
944	2966
944	2967
944	2968
944	2969
944	2970
944	2966
944	2967
944	2970
944	2971
944	140
945	1204
945	1002
945	1205
945	1204
945	1206
945	1207
945	1208
945	1209
946	3153
946	3154
946	3155
946	3156
946	3157
946	3158
946	3159
946	3160
947	4167
947	4168
947	4169
947	4170
947	4171
947	4172
947	4173
947	4174
947	99
947	4175
947	4167
947	4168
947	4169
947	4170
947	4171
947	4172
947	4173
947	4174
947	99
947	4175
948	4022
948	4023
948	4024
948	4025
948	4026
948	1925
949	3720
949	3721
949	3722
949	3723
949	3724
949	3725
949	3726
949	3727
949	3720
949	3721
949	3723
949	3724
949	3728
949	3725
949	3726
949	3727
950	1234
950	1235
950	805
950	1235
950	805
950	1236
950	1237
950	1238
950	1239
950	1172
950	1236
950	1237
951	107
951	108
951	109
951	110
951	111
951	112
951	113
951	114
952	2441
952	2442
952	2443
952	2441
952	965
952	2443
952	2444
952	2445
953	2489
953	2490
954	2979
954	2980
954	2981
954	2982
954	2983
954	2984
955	3965
955	3966
955	3967
955	3968
955	3969
955	3970
955	3971
955	3972
955	3973
955	3965
955	3966
955	3967
955	3969
955	3971
955	3972
955	3973
956	1585
956	1586
956	1587
956	1588
956	1589
956	1590
956	1589
956	1591
956	1592
956	1593
956	1592
956	1593
956	1590
957	2580
957	2581
957	2582
957	2583
957	2584
958	2571
958	2572
958	2573
958	2574
958	6
959	4027
959	4028
959	4029
959	4030
959	4031
959	4032
959	4033
959	4027
959	4028
959	4034
959	4029
959	4035
960	1006
960	1007
960	1008
960	1009
960	1010
960	1009
960	1006
960	1007
960	1011
960	1008
960	1010
960	1012
960	1013
960	1006
960	1014
960	1007
960	1008
961	3934
961	3935
961	3936
961	3937
961	3938
961	3939
961	3940
961	3941
961	3942
961	3943
962	4403
962	4404
962	4405
962	4406
963	2677
963	2678
963	2679
963	2680
963	2679
963	2678
963	2681
963	2682
963	2683
963	2677
963	2684
963	2685
963	2686
963	2686
963	2684
963	2682
964	874
964	875
964	876
964	877
964	878
964	879
964	880
964	881
964	882
964	883
964	883
964	882
964	880
964	879
964	876
964	875
964	874
