622	629
762	187
780	1065
74	1142
249	1239
905	577
726	1316
529	461
737	83
115	813
289	164
349	600
184	173
475	1100
853	154
268	12
656	703
783	370
745	1200
704	1463
357	1257
904	55
621	21
247	330
509	801
583	1722
220	976
867	768
594	1794
932	416
738	927
83	719
477	1295
915	1379
395	1293
697	1543
441	289
556	940
892	219
188	375
422	1815
700	1422
694	1534
131	1007
803	749
614	342
904	53
891	1805
209	1624
500	358
824	1301
253	90
929	119
811	497
386	65
112	1457
316	657
917	579
467	1077
45	1653
541	722
846	1667
365	302
193	771
486	1050
612	308
840	432
854	900
122	1517
389	1426
707	802
859	573
758	1058
890	545
858	436
576	1737
126	1552
353	1223
642	1713
837	1391
757	473
132	996
278	196
900	1273
678	1525
345	362
888	1511
790	1830
863	234
33	414
446	1732
834	893
891	1804
520	1165
395	1294
782	1703
179	1879
636	1209
554	928
419	1664
81	332
730	613
611	1620
850	1285
169	122
70	1834
751	116
747	1442
351	1234
321	1205
680	1042
498	1626
479	435
165	588
279	680
764	396
394	1690
797	1451
268	13
160	1017
469	919
607	1469
338	774
533	726
252	156
904	52
594	1795
600	1104
926	1385
891	1806
456	685
817	141
923	1811
905	576
789	622
419	1665
550	327
19	189
388	1793
434	878
444	1
927	207
563	530
220	977
534	1430
106	50
289	165
643	1762
312	429
556	941
608	873
881	710
677	1029
955	1685
118	1568
723	1322
495	1307
142	1226
418	231
763	1144
871	1336
485	1475
309	764
310	201
889	1091
505	1817
457	178
570	561
685	1633
849	1018
716	108
386	64
647	389
180	294
708	1235
72	1492
413	1338
777	1786
201	1594
245	1023
281	854
54	157
158	553
704	1462
761	1676
148	855
808	1695
292	213
442	311
63	816
389	1425
519	442
493	449
55	1735
767	193
879	1406
869	222
832	924
683	572
855	1556
722	1163
717	534
467	1076
141	208
275	1071
438	1688
867	769
296	1000
397	335
387	797
177	334
591	1657
835	160
400	1435
516	1744
951	48
354	1265
433	1279
599	1537
836	1560
835	161
263	1870
291	1660
632	1614
300	47
73	644
894	1486
673	355
850	1283
670	1366
952	1028
720	1026
590	1013
898	1429
437	1160
663	1564
358	1099
156	693
528	412
640	1577
278	195
64	1108
207	1246
771	672
867	770
20	560
848	214
449	526
334	25
204	1190
103	27
358	1097
408	512
688	948
933	564
173	1161
40	1290
773	1848
941	1455
600	1105
558	969
30	519
213	129
816	1827
598	338
816	1828
870	1373
228	430
404	1166
329	999
834	892
573	1332
950	504
7	1871
148	856
565	295
546	1529
264	845
391	1868
770	105
281	853
205	0
928	1035
579	392
592	1362
184	172
729	124
548	634
531	1821
823	1500
724	240
872	1718
447	60
585	249
454	1052
345	361
594	1796
868	420
586	280
795	756
913	348
649	550
676	981
344	1218
189	265
443	610
410	1523
498	1628
577	426
317	660
684	1822
155	908
849	1019
86	1267
536	1680
129	522
623	744
660	1778
211	765
717	535
44	648
175	762
163	524
98	1458
736	895
107	860
739	1781
567	42
683	570
452	1872
862	933
784	1609
214	1634
848	216
581	319
956	649
899	72
450	1178
871	1334
578	1324
407	1157
558	968
910	321
226	1588
488	169
701	469
866	870
931	1893
658	701
790	1831
452	1874
618	1170
754	131
821	1616
291	1659
621	20
342	99
890	544
218	197
411	1698
655	1725
924	777
587	278
939	1733
267	1155
217	446
835	159
937	964
624	751
833	618
890	546
331	880
937	965
140	1222
90	317
839	1138
772	1800
705	720
403	795
689	954
840	433
884	1136
718	127
153	1491
333	983
911	1508
379	913
784	1606
426	44
913	347
936	481
260	1655
183	97
293	1566
197	495
91	565
282	445
76	958
553	180
504	939
740	499
593	492
71	760
795	757
9	738
460	85
698	728
775	1677
906	485
427	457
786	205
784	1605
150	203
267	1154
512	1432
182	1082
584	520
360	568
856	980
526	1687
94	379
545	275
156	694
955	1686
562	260
418	232
916	508
824	1298
132	997
828	109
349	386
348	258
531	1819
474	753
468	585
555	1061
781	1647
824	1300
221	397
352	995
855	1557
795	755
719	641
689	957
37	1776
866	869
844	1758
910	322
227	1622
819	1630
440	1571
492	242
305	665
78	98
869	223
59	852
839	1141
913	350
275	1072
709	970
633	89
894	1487
936	479
448	151
925	960
554	930
670	1365
102	827
963	1125
872	1716
807	1276
52	1015
924	776
41	1866
498	1629
722	1164
639	1837
612	306
482	663
863	235
791	1303
436	1847
489	39
165	591
892	220
507	1090
925	962
675	1292
938	952
836	1561
212	1120
746	1233
374	1002
381	279
498	1627
935	865
246	617
631	147
776	421
956	651
737	84
4	1752
581	318
23	831
464	67
216	943
907	1583
49	587
563	137
919	1888
486	1051
831	1241
406	1069
512	1433
27	1394
140	1221
706	1652
582	906
378	237
837	1393
495	1306
761	1674
517	100
761	1675
208	199
812	1788
622	630
103	26
862	936
10	912
460	86
364	514
367	16
760	837
487	555
778	1197
815	1897
852	1902
899	70
85	1396
428	1420
444	2
746	1232
575	320
457	176
393	460
242	1548
874	1049
299	1641
117	1505
755	1851
476	298
612	307
70	1835
325	1563
337	1598
239	1485
606	1329
911	1509
704	1464
831	1242
640	1576
135	1452
199	441
522	1643
634	823
698	727
234	1479
770	106
54	158
676	982
919	1890
89	264
361	849
178	262
705	721
848	215
198	631
579	391
321	1204
67	517
56	1575
285	975
339	1423
382	788
752	226
465	1468
794	1514
11	1504
903	1730
172	227
905	575
857	1802
26	1315
128	209
357	1256
181	708
459	79
922	252
597	1064
634	825
531	1820
326	541
67	543
888	1512
683	569
716	107
346	616
162	155
836	1559
619	1231
711	689
405	523
830	1152
887	1595
780	1068
349	602
253	91
668	1519
817	144
335	605
540	1040
494	886
260	1656
644	10
781	1646
903	1728
525	944
805	818
816	1825
590	1014
958	1080
909	1384
208	198
741	729
262	1477
902	272
572	1075
901	1413
855	1555
451	1769
777	1785
530	1765
916	509
441	290
922	250
241	465
904	54
157	1342
490	1404
850	1282
566	31
480	76
743	153
176	1772
428	1419
791	1304
243	1203
546	1531
661	34
190	1593
619	1230
889	1092
72	1493
627	150
435	1146
434	877
704	1465
412	538
641	1021
757	476
661	35
429	404
873	464
770	104
269	1344
480	74
843	1372
102	826
616	1472
850	1284
323	69
947	1767
807	1277
945	491
550	329
932	418
733	838
442	312
551	1187
347	1515
165	589
692	377
276	951
298	1780
940	799
906	486
238	1877
250	1615
22	1862
34	357
503	1219
265	494
674	1347
209	1625
145	843
802	1272
359	194
882	596
764	395
662	113
785	1483
674	1348
466	133
812	1787
659	819
6	162
560	780
387	798
635	1842
544	58
876	1585
947	1768
862	934
261	687
151	1700
145	841
164	1886
334	24
799	1297
421	966
656	705
782	1704
256	1481
374	1001
292	212
529	463
725	812
950	506
823	1501
483	273
301	1044
311	1691
85	1397
960	409
159	851
490	1403
918	1861
641	1022
210	398
858	438
514	1047
897	1118
550	326
665	904
756	472
871	1337
495	1308
569	1702
877	752
762	186
744	1096
190	1592
845	1261
557	917
317	659
363	623
530	1766
197	496
627	149
728	1790
478	835
366	668
901	1414
902	271
808	1696
99	1838
837	1392
291	1658
788	136
139	781
832	921
283	1401
793	806
80	584
769	1692
589	287
225	1123
352	993
765	691
123	38
653	697
551	1186
892	217
309	763
795	759
626	452
929	120
609	1602
612	305
171	829
597	1063
834	890
453	188
305	664
143	1216
930	867
653	696
348	259
32	916
843	1371
959	1709
38	228
24	739
29	309
155	909
695	1122
510	698
773	1849
730	612
799	1296
144	455
504	937
715	1376
935	864
195	1591
105	1199
767	190
455	315
214	1635
492	243
424	1180
428	1417
833	619
87	257
631	146
706	1651
248	263
469	918
551	1188
293	1567
284	268
349	385
900	1274
621	19
770	103
733	840
834	891
684	1823
694	1533
432	488
549	609
915	1380
176	1771
461	654
691	1107
447	59
528	413
893	371
798	791
731	507
950	505
792	1878
454	1054
104	773
440	1570
875	847
369	1813
470	92
399	1618
937	963
607	1471
497	595
602	1526
364	513
723	1320
385	1340
493	447
787	1211
713	718
282	444
960	407
943	1440
697	1544
822	1756
77	1175
776	423
536	1681
151	1699
796	1751
851	529
829	1446
949	1573
542	1496
912	1499
857	1801
610	1177
702	1252
699	1010
186	787
688	947
826	1111
771	671
66	633
494	884
518	883
445	902
954	1255
957	1083
648	1400
532	247
711	688
700	1421
706	1650
481	1714
780	1067
726	1319
268	14
564	1612
433	1280
707	804
262	1478
580	229
522	1644
349	603
810	1597
518	882
818	741
398	1662
240	1546
842	1368
646	1601
659	820
922	251
376	1459
702	1253
181	707
514	1048
600	1106
824	1299
776	422
168	1883
368	380
826	1112
827	1763
539	1610
626	453
356	1130
310	200
626	454
561	712
615	224
900	1275
417	1258
409	63
14	363
133	713
404	1167
923	1809
878	402
775	1678
801	992
604	487
674	1346
841	1903
306	1390
726	1317
666	674
286	510
392	1005
780	1066
876	1586
856	979
330	809
844	1759
885	1311
25	991
390	1833
635	1843
259	1214
109	81
1	28
213	130
607	1470
611	1621
748	1213
535	96
817	142
616	1473
388	1792
251	1352
636	1208
533	725
541	723
341	1437
239	1484
52	1016
964	366
491	1031
682	383
548	636
788	135
335	606
480	75
908	646
933	563
800	184
944	1247
962	1876
783	369
365	304
121	1387
350	270
535	95
699	1012
471	1116
589	286
340	182
416	638
322	724
116	1196
658	702
671	1773
179	1880
472	1302
391	1869
412	536
552	1194
508	1669
831	1240
919	1889
185	1706
592	1361
382	790
649	551
272	953
586	283
241	467
242	1549
397	336
619	1228
502	784
396	1521
777	1784
468	586
164	1887
818	742
744	1094
929	121
134	887
112	1456
543	1845
295	859
166	533
577	424
703	832
316	658
352	994
742	1892
845	1264
254	1313
724	241
583	1723
475	1101
662	112
864	989
940	800
153	1490
932	415
283	1402
429	405
870	1374
930	866
729	125
945	489
461	655
491	1032
602	1528
232	1783
832	923
712	254
696	340
772	1798
415	1381
630	1037
434	875
586	281
689	956
422	1814
382	789
225	1124
651	7
234	1480
543	1844
402	1191
521	1553
578	1325
738	926
302	1539
817	143
566	29
751	117
455	314
858	437
193	772
818	743
408	511
307	1357
492	244
206	1488
288	653
687	1151
308	1749
414	1726
884	1135
542	1498
319	1599
80	583
779	1244
872	1717
383	111
576	1738
959	1710
346	614
439	360
329	998
828	110
555	1060
373	1900
427	456
659	822
931	1894
375	581
400	1434
154	1004
699	1009
471	1115
638	388
17	1895
925	961
332	1086
384	1326
327	1857
790	1829
897	1117
885	1310
714	1775
476	301
784	1608
487	554
111	1854
816	1826
414	1727
813	547
878	401
320	1411
634	824
370	51
918	1860
921	77
628	1580
935	863
696	339
8	627
69	1507
815	1896
56	1574
566	33
476	300
534	1431
803	748
297	1661
766	920
332	1085
341	1438
865	1907
952	1027
741	730
759	1639
290	1445
664	793
76	959
586	282
871	1335
502	785
233	1569
478	836
231	682
57	403
811	498
553	179
511	1742
577	425
769	1693
781	1649
787	1210
733	839
956	652
215	643
739	1782
199	440
46	185
637	1370
650	1113
258	1395
870	1375
16	1865
340	181
500	359
152	1358
949	1572
865	1904
527	316
775	1679
497	593
363	624
305	667
114	556
692	376
537	557
324	767
605	1864
638	387
196	1172
194	1289
701	470
593	493
474	754
715	1377
3	1349
757	474
812	1789
859	574
327	1859
428	1418
113	1558
628	1582
350	269
244	1881
623	745
734	532
909	1383
559	661
51	1215
822	1754
800	183
358	1098
923	1810
735	673
304	1739
362	1808
443	611
757	477
687	1150
372	1182
659	821
564	1611
257	1351
709	971
191	1578
924	775
277	1243
456	684
672	351
266	1565
964	365
846	1668
948	1707
127	148
917	578
290	1444
587	277
720	1025
334	23
119	1259
899	71
927	206
772	1799
505	1816
781	1648
514	1046
384	1327
511	1743
961	1672
885	1309
390	1832
212	1119
779	1245
524	986
865	1906
163	525
758	1056
684	1824
270	1412
84	1460
661	37
683	571
346	615
838	1087
394	1689
963	1126
39	411
242	1550
2	1682
315	1250
939	1734
936	482
629	706
696	341
399	1619
294	1389
712	256
515	1227
751	115
778	1198
93	1777
170	562
561	711
833	620
67	516
47	683
416	637
95	1448
82	931
906	483
699	1008
842	1367
657	291
88	761
851	527
606	1330
908	645
643	1761
743	152
768	4
759	1640
820	783